=== Result 1 ===
Cities:
0 10 46
1 3 47
2 55 89
3 27 63
4 69 20
5 60 90
6 60 41
7 1 35
8 56 46
9 10 45
10 68 9
11 22 93
12 49 46
13 76 37
14 20 8
15 40 59
16 59 97
17 45 11
18 1 57
19 23 34
20 15 29
21 1 30
22 37 23
23 48 20
24 11 17
25 94 17
26 2 41
27 64 98
28 91 60
29 85 93
30 5 86
31 65 16
32 48 75
33 42 2
34 15 84
35 66 7
36 8 68
37 41 57
38 3 65
39 72 89
40 50 33
41 53 69
42 57 95
43 40 63
44 67 44
45 87 32
46 28 64
47 25 3
48 23 75
49 34 13
50 89 1
51 49 75
52 9 66
53 40 95
54 87 43
55 12 100
56 82 13
57 79 54
58 88 75
59 92 8
60 19 69
61 40 11
62 65 73
63 35 81
64 43 80
65 80 9
66 39 63
67 69 27
68 97 19
69 25 79
70 71 80
71 88 37
72 90 17
73 52 22
74 19 72
75 93 63
76 83 50
77 95 34
78 76 39
79 79 24
80 93 6
81 71 32
82 54 52
83 88 87
84 15 97
85 7 62
86 60 84
87 40 60
88 68 100
89 14 96
90 49 13
91 92 7
92 46 8
93 39 78
94 92 93
95 42 9
96 52 85
97 78 27
98 63 10
99 74 88
100 2 35
101 43 30
102 25 29
103 28 57
104 49 79
105 6 87
106 15 52
107 32 62
108 86 29
109 98 18
110 41 85
111 24 58
112 92 47
113 29 18
114 96 54
115 79 72
116 90 60
117 96 78
118 49 21
119 28 15
120 73 45
121 24 91
122 24 81
123 46 17
124 12 54
125 17 53
126 8 93
127 70 21
128 38 54
129 61 42
130 57 49
131 21 24
132 65 52
133 21 23
134 79 53
135 73 5
136 64 62
137 8 42
138 98 5
139 75 23
140 1 47
141 59 93
142 29 54
143 77 93
144 27 44
145 70 40
146 87 19
147 74 56
148 40 38
149 64 35
150 33 63
151 35 38
152 80 64
153 57 78
154 36 30
155 62 27
156 46 42
157 70 57
158 77 83
159 14 72
160 71 96
161 81 73
162 95 87
163 17 26
164 46 84
165 65 22
166 99 24
167 28 15
168 90 27
169 50 24
170 45 45
171 61 21
172 18 37
173 40 81
174 78 35
175 96 96
176 90 100
177 99 97
178 64 34
179 85 62
180 7 56
181 66 40
182 8 49
183 25 82
184 88 12
185 89 37
186 36 54
187 49 100
188 24 35
189 74 26
190 32 26
191 40 54
192 53 78
193 34 33
194 31 43
195 34 15
196 13 80
197 1 2
198 9 19
199 93 67

Best Route:
115 161 58 117 162 83 29 94 175 177 176 143 39 99 158 70 62 153 192 104 32 51 41 136 157 147 57 134 76 54 71 185 45 108 168 77 166 68 109 25 72 146 184 56 65 135 10 35 98 31 4 127 139 189 97 79 67 81 13 78 174 145 181 44 120 132 130 8 6 129 149 178 155 165 171 73 118 23 123 90 17 92 95 61 49 195 113 119 167 14 47 33 22 190 154 193 151 148 156 170 12 82 37 15 87 43 66 150 107 46 3 103 142 111 125 106 124 180 18 38 85 52 36 159 74 60 48 69 122 183 121 11 84 89 55 126 105 30 34 196 63 93 173 64 110 164 96 2 5 141 42 16 27 88 160 86 187 53 128 186 191 194 144 188 19 102 131 133 163 20 172 9 0 137 26 1 140 182 100 7 21 198 24 197 101 40 169 50 80 91 59 138 112 114 28 116 75 199 179 152 115 
Average Distance:
1288
Average Time:
9.40619
Number of Cities:
200

----------------------------------

