=== Result 1 ===
Cities:
0 82 13
1 69 32
2 80 2
3 34 68
4 49 97
5 57 37
6 100 24
7 5 83
8 90 36
9 47 24
10 48 56
11 71 83
12 97 62
13 27 66
14 73 82
15 35 99
16 87 40
17 29 5
18 60 41
19 32 41
20 75 74
21 38 92
22 25 54
23 82 9
24 7 20
25 15 89
26 10 30
27 89 15
28 50 44
29 60 16
30 66 96
31 86 11
32 42 86
33 59 85
34 56 63
35 75 1
36 88 50
37 70 86
38 65 71
39 79 23
40 71 77
41 3 73
42 69 17
43 92 10
44 95 97
45 26 91
46 54 5
47 68 25
48 52 50
49 86 9
50 26 56
51 1 65
52 99 8
53 48 36
54 68 66
55 52 46
56 53 83
57 45 40
58 49 62
59 72 24
60 85 87
61 49 18
62 32 41
63 43 87
64 95 5
65 86 35
66 86 39
67 55 78
68 96 88
69 73 74
70 56 39
71 93 12
72 18 21
73 27 33
74 26 36
75 62 83
76 95 22
77 89 6
78 57 10
79 10 75
80 100 82
81 4 28
82 18 3
83 47 96
84 8 18
85 27 94
86 1 93
87 94 2
88 22 84
89 54 95
90 2 58
91 1 50
92 64 73
93 52 33
94 41 23
95 39 86
96 7 45
97 2 71
98 99 88
99 24 93

Best Route:
32 63 56 67 33 75 92 38 54 34 58 10 48 55 28 18 70 57 53 93 9 94 61 29 78 46 35 2 23 31 49 77 71 43 87 64 52 6 76 27 0 39 59 42 47 5 1 8 65 66 16 36 12 80 98 68 44 60 40 69 20 14 11 37 30 89 4 83 21 15 85 99 45 88 25 86 7 79 41 97 51 90 91 96 26 81 24 84 82 17 72 73 74 62 19 22 50 13 3 95 
Average Distance:
822
Average Time:
18.0953
Number of Cities:
100

----------------------------------

=== Result 2 ===
Cities:
0 42 16
1 85 45
2 26 17
3 57 18
4 76 22
5 3 82
6 49 30
7 10 75
8 18 62
9 42 100
10 67 77
11 93 58
12 66 40
13 4 73
14 72 38
15 65 49
16 44 18
17 5 22
18 50 100
19 74 51
20 26 33
21 6 71
22 17 57
23 50 100
24 19 55
25 14 80
26 66 83
27 40 62
28 12 70
29 26 37
30 90 87
31 19 95
32 96 20
33 85 83
34 35 98
35 67 16
36 81 93
37 1 91
38 43 19
39 72 58
40 35 84
41 26 89
42 36 2
43 46 83
44 96 1
45 37 79
46 92 64
47 75 25
48 49 88
49 11 87
50 53 21
51 78 94
52 57 93
53 83 85
54 3 84
55 60 51
56 39 87
57 24 22
58 76 65
59 46 38
60 8 27
61 14 75
62 47 5
63 71 91
64 7 18
65 59 11
66 77 4
67 49 47
68 17 43
69 90 68
70 65 9
71 15 59
72 56 68
73 84 22
74 25 59
75 91 76
76 43 6
77 78 14
78 17 79
79 88 14
80 17 38
81 14 47
82 47 20
83 37 8
84 39 77
85 53 45
86 64 29
87 62 4
88 24 2
89 47 94
90 70 13
91 23 22
92 34 6
93 81 91
94 8 24
95 88 20
96 7 66
97 35 16
98 13 21
99 45 37
100 61 37
101 73 34
102 98 57
103 81 46
104 44 18
105 35 33
106 96 34
107 11 76
108 27 16
109 12 73
110 75 80
111 82 51
112 79 34
113 18 90
114 36 18
115 9 11
116 96 19
117 77 62
118 8 22
119 50 38
120 14 21
121 21 57
122 22 91
123 61 89
124 85 30
125 17 72
126 58 78
127 47 36
128 28 84
129 55 63
130 60 78
131 48 42
132 91 34
133 15 40
134 26 57
135 82 87
136 24 19
137 65 13
138 33 5
139 66 34
140 81 80
141 20 37
142 31 70
143 15 62
144 13 61
145 41 44
146 93 4
147 97 12
148 45 46
149 98 34

Best Route:
9 43 126 130 72 129 55 15 85 67 148 131 59 127 119 100 86 139 101 112 124 73 47 4 90 66 77 79 146 44 147 32 116 95 149 106 132 1 111 103 12 14 19 39 117 11 102 46 69 58 75 140 33 53 135 63 51 36 93 30 110 10 26 123 52 48 23 18 89 56 40 61 125 8 74 134 27 142 143 71 22 81 68 133 94 80 141 20 29 2 108 97 57 91 115 64 118 17 60 98 120 136 88 138 92 42 62 76 83 114 0 38 16 104 82 50 87 70 137 35 65 3 6 99 105 145 121 24 144 96 28 7 107 21 13 5 54 37 49 25 109 78 113 31 122 41 128 45 84 34 
Average Distance:
1196.2
Average Time:
18.117
Number of Cities:
150

----------------------------------

=== Result 3 ===
Cities:
0 91 97
1 39 31
2 88 91
3 2 97
4 56 93
5 97 100
6 24 68
7 17 38
8 96 4
9 17 38
10 59 77
11 21 71
12 36 90
13 38 7
14 56 82
15 58 33
16 22 44
17 60 92
18 42 48
19 50 17
20 46 100
21 26 72
22 6 88
23 6 72
24 90 90
25 60 8
26 29 68
27 41 89
28 63 53
29 37 47
30 51 43
31 100 21
32 12 86
33 34 41
34 17 60
35 9 80
36 56 47
37 92 65
38 80 49
39 56 99
40 81 87
41 11 85
42 71 31
43 13 87
44 88 5
45 45 84
46 53 18
47 33 82
48 38 96
49 24 50
50 7 53
51 37 87
52 25 21
53 25 95
54 27 11
55 32 63
56 7 26
57 39 14
58 12 15
59 74 80
60 66 14
61 14 41
62 22 55
63 91 51
64 74 8
65 51 70
66 66 93
67 97 16
68 21 26
69 37 87
70 63 33
71 2 13
72 49 29
73 8 62
74 77 41
75 40 76
76 42 73
77 67 40
78 31 20
79 8 87
80 42 100
81 87 62
82 85 78
83 47 95
84 10 39
85 62 9
86 20 1
87 29 59
88 5 2
89 73 40
90 21 84
91 96 55
92 29 96
93 71 36
94 22 27
95 88 80
96 56 2
97 99 53
98 9 99
99 85 23
100 18 79
101 57 33
102 50 7
103 77 66
104 39 40
105 74 84
106 5 33
107 85 67
108 57 23
109 86 56
110 34 5
111 78 14
112 35 13
113 19 87
114 52 32
115 62 7
116 62 73
117 61 100
118 72 47
119 80 70
120 95 61
121 84 41
122 14 61
123 69 43
124 12 91
125 72 13
126 63 56
127 36 69
128 92 77
129 2 59
130 40 96
131 48 19
132 34 75
133 29 15
134 85 26
135 94 42
136 9 68
137 6 51
138 40 21
139 51 31
140 16 70
141 65 14
142 86 15
143 85 20
144 97 4
145 91 20
146 70 99
147 64 86
148 60 72
149 34 28
150 99 6
151 100 89
152 8 83
153 13 29
154 9 91
155 51 37
156 97 59
157 27 36
158 95 62
159 95 81
160 75 64
161 30 97
162 6 31
163 42 43
164 95 89
165 42 14
166 2 35
167 43 96
168 3 39
169 21 73
170 24 47
171 8 19
172 24 53
173 6 7
174 46 62
175 56 51
176 80 50
177 12 41
178 78 53
179 80 79
180 48 71
181 45 97
182 20 43
183 63 99
184 3 48
185 97 38
186 23 5
187 67 60
188 43 95
189 62 31
190 69 25
191 45 71
192 94 64
193 68 43
194 19 47
195 18 68
196 94 57
197 21 48
198 79 18
199 54 23

Best Route:
109 178 28 126 180 65 191 76 75 127 132 69 51 10 148 116 174 55 87 26 72 114 139 101 15 36 175 18 163 30 155 77 89 74 193 123 118 38 176 135 134 145 31 67 144 8 44 150 64 25 102 13 110 186 86 88 173 171 106 177 61 7 9 182 16 197 194 170 137 168 50 73 129 23 140 100 90 12 14 147 105 59 24 159 164 151 5 0 2 179 95 128 37 107 82 40 146 183 66 17 27 45 117 39 4 83 181 80 20 167 188 48 130 53 92 161 113 41 32 43 3 98 124 22 154 79 152 35 136 122 195 11 169 47 21 6 34 184 84 166 162 56 71 58 68 54 149 29 49 172 62 153 94 52 157 33 104 1 138 78 133 112 57 165 96 115 85 60 141 42 190 93 70 189 19 131 46 199 108 125 111 198 143 142 99 185 121 63 97 91 156 120 158 192 196 81 119 103 160 187 
Average Distance:
1770
Average Time:
20.3357
Number of Cities:
200

----------------------------------

