Cities:
0 100 50
1 51 4
2 60 37
3 70 69
4 53 69
5 69 60
6 18 3
7 43 73
8 84 41
9 87 90
10 17 49
11 48 2
12 43 38
13 5 40
14 4 77
15 13 24
16 32 55
17 44 83
18 70 5
19 42 31
20 74 84
21 4 21
22 48 25
23 73 59
24 32 88
25 66 77
26 95 71
27 13 29
28 82 81
29 75 25
30 37 32
31 49 19
32 22 48
33 97 53
34 20 94
35 96 87
36 96 10
37 13 24
38 57 1
39 38 59
40 79 88
41 68 42
42 16 18
43 18 19
44 70 39
45 94 79
46 36 30
47 15 35
48 78 99
49 17 54
50 83 35
51 77 99
52 68 59
53 29 74
54 17 14
55 78 58
56 56 35
57 56 22
58 25 49
59 68 26
60 83 77
61 54 45
62 16 50
63 92 24
64 19 40
65 9 90
66 68 98
67 51 82
68 48 17
69 94 92
70 24 57
71 49 39
72 9 10
73 72 85
74 92 97
75 99 66
76 45 91
77 76 79
78 28 100
79 13 22
80 44 64
81 76 50
82 46 71
83 95 58
84 16 6
85 23 22
86 30 19
87 44 47
88 10 58
89 23 63
90 98 78
91 68 8
92 7 21
93 59 22
94 90 70
95 60 2
96 90 6
97 8 27
98 12 54
99 84 22

Best Route:
58 16 87 61 39 80 82 4 25 73 20 66 51 48 9 74 69 35 45 90 26 75 0 33 83 94 60 28 40 77 3 52 5 23 55 81 8 50 44 41 2 56 57 93 59 29 99 63 36 96 18 91 95 38 1 11 68 31 22 19 71 12 30 46 86 85 43 42 54 84 6 72 21 92 79 15 37 97 27 47 64 13 98 88 14 65 34 78 24 76 17 67 7 53 89 70 49 62 10 32 
Total Distance:
821
