Cities:
0 75 85
1 79 16
2 70 84
3 65 34
4 46 85
5 73 64
6 58 70
7 61 9
8 34 50
9 36 36
10 86 40
11 30 77
12 3 42
13 13 15
14 2 3
15 48 34
16 38 33
17 57 53
18 18 22
19 21 59
20 49 3
21 48 13
22 84 22
23 37 78
24 31 45
25 11 22
26 95 34
27 28 12
28 91 70
29 77 69
30 89 36
31 79 78
32 54 53
33 51 13
34 81 89
35 89 21
36 93 91
37 64 25
38 99 39
39 89 31
40 60 97
41 31 11
42 76 76
43 64 27
44 74 47
45 22 81
46 65 78
47 13 97
48 77 34
49 15 74
50 93 1
51 91 63
52 19 11
53 44 11
54 12 24
55 62 14
56 36 36
57 40 41
58 72 83
59 74 27
60 71 5
61 53 7
62 33 47
63 51 41
64 72 92
65 8 22
66 55 9
67 80 75
68 69 89
69 48 96
70 61 98
71 82 1
72 27 25
73 15 37
74 83 24
75 83 3
76 39 39
77 66 50
78 2 16
79 45 26
80 11 34
81 73 73
82 58 46
83 21 13
84 32 53
85 94 93
86 57 19
87 7 44
88 6 83
89 21 37
90 87 78
91 19 15
92 31 40
93 13 63
94 60 34
95 42 73
96 73 37
97 50 78
98 32 99
99 59 19
100 47 89
101 14 63
102 55 23
103 32 5
104 66 76
105 29 24
106 17 33
107 58 46
108 97 70
109 6 50
110 21 84
111 39 17
112 74 27
113 71 92
114 5 67
115 90 68
116 51 16
117 12 91
118 52 6
119 3 14
120 82 89
121 100 73
122 64 28
123 78 69
124 81 32
125 75 31
126 94 2
127 60 45
128 10 7
129 18 96
130 28 4
131 52 100
132 96 10
133 92 10
134 12 67
135 69 79
136 6 45
137 89 100
138 1 58
139 91 19
140 71 13
141 81 51
142 40 31
143 18 51
144 67 64
145 32 95
146 73 98
147 54 46
148 54 53
149 21 54
150 39 5
151 49 16
152 93 11
153 98 97
154 8 24
155 10 75
156 1 28
157 34 85
158 98 92
159 100 36
160 72 43
161 22 16
162 86 89
163 62 14
164 35 4
165 72 24
166 34 37
167 27 44
168 64 7
169 84 48
170 26 46
171 91 41
172 89 27
173 100 58
174 36 27
175 66 99
176 92 83
177 77 80
178 90 8
179 19 31
180 2 74
181 97 38
182 62 63
183 27 62
184 60 56
185 37 17
186 45 53
187 72 51
188 56 6
189 59 71
190 39 7
191 82 48
192 80 86
193 58 64
194 79 95
195 98 34
196 65 33
197 4 50
198 17 3
199 33 77
200 29 69
201 2 37
202 68 93
203 46 11
204 53 41
205 81 65
206 96 8
207 24 43
208 100 91
209 76 54
210 66 1
211 69 16
212 7 55
213 37 57
214 71 49
215 54 1
216 96 51
217 64 20
218 80 6
219 56 92
220 10 20
221 100 3
222 29 13
223 86 5
224 80 71
225 23 28
226 43 74
227 95 12
228 72 33
229 33 44
230 74 71
231 5 49
232 37 34
233 55 100
234 53 5
235 5 47
236 62 19
237 7 19
238 46 17
239 88 85
240 21 41
241 21 62
242 45 27
243 66 60
244 47 75
245 79 80
246 30 3
247 83 73
248 57 3
249 34 79
250 27 38
251 46 30
252 94 15
253 90 99
254 88 90
255 16 3
256 95 47
257 79 17
258 94 9
259 38 11
260 97 3
261 20 41
262 9 20
263 58 37
264 19 95
265 45 79
266 66 96
267 81 2
268 99 69
269 35 98
270 45 97
271 92 44
272 18 65
273 94 24
274 85 97
275 16 7
276 41 95
277 38 83
278 20 78
279 87 57
280 76 72
281 21 76
282 34 58
283 86 13
284 37 26
285 12 31
286 49 19
287 69 93
288 5 85
289 85 75
290 96 74
291 4 14
292 92 32
293 20 89
294 63 91
295 70 100
296 91 96
297 60 32
298 15 88
299 71 77

Best Route:
262 220 25 54 154 156 80 201 12 87 136 235 231 197 109 212 138 114 134 93 101 272 200 183 241 19 149 143 170 207 167 24 62 84 282 213 8 229 92 250 240 261 89 73 285 106 179 225 72 105 185 111 238 286 151 21 33 116 86 99 236 217 37 43 122 196 3 263 94 297 102 15 251 242 79 284 174 142 16 232 56 9 166 76 57 186 95 226 244 97 219 100 4 265 23 249 199 11 45 278 281 49 155 180 88 288 298 117 47 129 264 293 110 157 277 145 98 269 276 270 69 131 233 40 70 175 295 146 194 274 137 253 296 153 208 158 85 36 254 162 239 176 90 290 121 268 108 28 289 247 67 42 31 245 177 0 192 34 120 64 113 287 266 294 202 68 2 58 135 46 104 299 81 230 280 29 123 224 205 115 51 173 216 279 141 191 169 271 256 181 38 159 195 26 292 39 30 171 10 44 187 209 5 144 189 6 193 182 243 184 17 32 148 147 63 204 107 82 127 77 214 160 96 228 48 125 59 112 165 257 1 283 35 22 74 124 172 273 139 252 227 132 206 221 260 126 50 258 152 133 178 223 75 71 267 218 60 140 211 163 55 66 7 168 210 248 188 234 215 20 118 61 203 53 259 190 150 164 103 246 130 41 222 27 161 18 91 83 52 275 198 255 128 14 78 119 291 13 237 65 
Total Distance:
1434
