Cities:
0 40 90
1 28 72
2 91 41
3 52 31
4 73 7
5 44 59
6 29 70
7 44 56
8 63 19
9 87 59
10 61 100
11 89 94
12 27 28
13 40 88
14 54 1
15 78 8
16 78 85
17 90 72
18 93 42
19 20 21
20 27 13
21 52 92
22 81 31
23 71 63
24 24 78
25 14 31
26 58 22
27 67 32
28 93 65
29 29 72
30 5 78
31 18 85
32 2 73
33 70 84
34 71 52
35 40 6
36 77 19
37 1 27
38 80 92
39 41 28
40 38 35
41 45 88
42 19 51
43 71 33
44 24 25
45 85 85
46 35 49
47 13 17
48 50 74
49 23 28

Best Route:
20 19 47 37 25 49 44 12 39 40 46 7 5 42 32 30 31 24 1 29 6 48 13 0 41 21 10 33 16 38 11 45 17 28 9 23 34 3 26 8 27 43 18 2 22 36 15 4 14 35 
Total Distance:
565
