Cities:
0 84 55
1 60 35
2 17 99
3 51 77
4 14 66
5 2 81
6 46 84
7 79 70
8 1 64
9 15 76
10 89 34
11 62 9
12 38 73
13 15 21
14 22 22
15 45 94
16 91 94
17 57 80
18 29 10
19 45 9
20 82 89
21 47 28
22 42 54
23 62 39
24 18 52
25 55 45
26 66 37
27 59 78
28 16 38
29 23 12
30 38 88
31 94 77
32 41 21
33 78 61
34 49 19
35 57 7
36 17 82
37 23 99
38 53 46
39 100 55
40 11 41
41 64 63
42 78 24
43 30 42
44 14 37
45 15 9
46 98 72
47 85 55
48 75 56
49 16 26
50 7 33
51 6 20
52 25 57
53 69 73
54 77 25
55 20 23
56 20 13
57 25 28
58 89 18
59 60 92
60 34 34
61 53 12
62 54 75
63 34 85
64 33 35
65 65 57
66 64 91
67 16 81
68 66 16
69 73 38
70 55 45
71 45 57
72 54 86
73 72 93
74 34 57
75 18 71
76 51 61
77 42 7
78 76 29
79 6 73
80 28 47
81 84 31
82 56 61
83 83 88
84 97 36
85 10 77
86 52 37
87 71 50
88 66 38
89 53 9
90 91 73
91 94 49
92 72 24
93 22 11
94 13 17
95 99 47
96 48 9
97 52 26
98 39 14
99 32 9
100 55 3
101 30 91
102 20 33
103 80 69
104 23 3
105 41 36
106 47 53
107 12 51
108 80 10
109 45 89
110 29 27
111 28 29
112 72 31
113 42 38
114 68 71
115 49 9
116 60 16
117 75 86
118 47 84
119 22 61
120 23 71
121 97 71
122 49 100
123 33 64
124 27 38
125 95 62
126 33 5
127 33 43
128 13 90
129 80 47
130 20 27
131 72 96
132 39 36
133 40 38
134 90 25
135 11 64
136 39 80
137 93 8
138 21 63
139 55 93
140 68 52
141 95 6
142 83 82
143 9 76
144 89 7
145 98 91
146 74 73
147 46 51
148 80 35
149 12 33
150 15 32
151 1 42
152 91 84
153 12 51
154 35 24
155 56 69
156 48 16
157 52 35
158 32 40
159 38 83
160 14 15
161 98 17
162 43 60
163 18 87
164 97 18
165 94 52
166 79 38
167 54 95
168 50 100
169 87 68
170 62 64
171 46 83
172 2 82
173 25 70
174 81 97
175 59 60
176 14 97
177 99 29
178 63 99
179 69 55
180 95 71
181 51 72
182 84 77
183 20 3
184 94 54
185 53 60
186 62 73
187 97 55
188 4 48
189 21 16
190 54 60
191 76 73
192 28 87
193 78 33
194 75 74
195 5 6
196 50 93
197 55 47
198 52 2
199 34 38

Best Route:
67 9 75 120 173 74 123 12 136 159 63 30 6 171 118 109 15 196 122 168 167 139 59 72 17 27 66 178 131 73 117 83 20 174 16 145 152 142 191 194 146 53 114 186 155 62 3 181 162 71 22 106 147 38 70 25 197 185 76 190 82 175 170 41 65 179 140 87 48 33 103 7 182 31 46 121 180 90 169 0 47 125 39 187 184 165 91 95 84 177 164 161 141 137 144 108 58 134 10 81 148 166 129 69 193 78 54 42 92 68 116 112 26 88 23 1 86 157 21 97 34 156 61 11 35 100 198 89 115 96 19 77 98 32 154 105 113 133 132 60 64 199 158 127 43 124 111 110 57 55 14 189 18 99 126 104 183 93 29 56 45 195 51 160 94 13 49 130 102 28 44 150 149 50 40 151 188 107 153 24 80 52 119 138 4 135 8 79 143 85 172 5 128 176 2 37 101 192 163 36 
Total Distance:
1148
