Cities:
0 58 82
1 15 86
2 83 92
3 99 71
4 55 54
5 2 58
6 1 26
7 85 64
8 92 59
9 93 40
10 36 33
11 93 22
12 7 40
13 29 48
14 26 94
15 87 42
16 98 15
17 65 49
18 69 6
19 32 17
20 68 31
21 63 89
22 63 97
23 18 86
24 46 34
25 10 76
26 88 93
27 31 6
28 90 81
29 32 24
30 19 46
31 86 61
32 41 66
33 27 71
34 24 33
35 9 74
36 80 58
37 94 31
38 22 45
39 87 38
40 49 86
41 88 8
42 35 40
43 34 22
44 77 27
45 41 45
46 30 63
47 55 88
48 89 23
49 38 99
50 73 75
51 42 11
52 55 7
53 18 57
54 86 35
55 13 19
56 29 11
57 27 98
58 4 43
59 65 96
60 32 91
61 32 99
62 24 28
63 23 21
64 74 64
65 77 38
66 10 73
67 7 6
68 23 65
69 79 99
70 26 15
71 96 44
72 67 95
73 58 77
74 41 47
75 74 44
76 19 51
77 48 87
78 44 7
79 50 30
80 7 91
81 8 88
82 33 82
83 32 2
84 46 92
85 54 4
86 63 75
87 3 1
88 35 48
89 25 14
90 32 22
91 76 84
92 61 58
93 35 48
94 52 94
95 3 69
96 21 86
97 36 81
98 39 72
99 38 10

Best Route:
27 83 99 51 78 85 52 18 44 48 41 16 11 37 9 71 15 39 54 65 75 17 20 79 24 10 42 88 93 45 74 4 92 64 36 7 31 8 3 28 26 2 69 72 59 22 21 91 50 86 73 0 47 40 77 94 84 49 61 57 14 23 80 81 1 96 60 82 97 98 32 46 13 38 30 76 53 68 33 66 25 35 95 5 58 12 6 87 67 55 62 34 29 43 90 19 63 70 89 56 
Total Distance:
828
