Cities:
0 87 72
1 48 87
2 22 69
3 43 71
4 77 57
5 88 81
6 45 52
7 92 76
8 87 16
9 42 11
10 90 99
11 78 85
12 62 38
13 11 60
14 46 90
15 18 70
16 38 83
17 52 57
18 35 57
19 97 21
20 25 10
21 43 71
22 44 63
23 100 79
24 11 60
25 93 7
26 37 45
27 41 55
28 91 41
29 98 54
30 61 12
31 82 6
32 5 44
33 50 9
34 100 60
35 71 85
36 48 15
37 90 12
38 3 15
39 74 12
40 89 30
41 84 43
42 7 10
43 32 67
44 53 27
45 38 87
46 77 52
47 2 88
48 64 3
49 21 86
50 77 20
51 51 19
52 85 9
53 30 69
54 57 13
55 66 67
56 77 99
57 28 4
58 1 72
59 62 83
60 12 21
61 76 1
62 18 10
63 20 80
64 83 69
65 85 12
66 56 60
67 66 14
68 74 96
69 13 29
70 84 48
71 59 83
72 8 100
73 79 29
74 53 39
75 53 56
76 99 53
77 41 23
78 75 99
79 30 35
80 23 71
81 98 60
82 30 18
83 95 28
84 97 3
85 89 19
86 31 12
87 62 75
88 55 23
89 32 78
90 18 39
91 100 68
92 66 56
93 45 81
94 37 70
95 26 28
96 38 78
97 12 24
98 75 73
99 89 6
100 13 50
101 22 77
102 14 42
103 64 87
104 22 100
105 74 39
106 43 82
107 96 48
108 21 79
109 30 26
110 25 24
111 52 70
112 87 64
113 96 12
114 96 27
115 9 77
116 22 19
117 17 97
118 60 90
119 55 79
120 37 26
121 67 27
122 86 59
123 22 17
124 81 34
125 75 36
126 63 49
127 81 13
128 84 72
129 91 49
130 68 58
131 28 39
132 79 83
133 10 30
134 29 17
135 68 36
136 13 75
137 90 28
138 58 49
139 2 55
140 95 4
141 89 50
142 62 47
143 6 99
144 12 16
145 43 15
146 47 69
147 15 29
148 13 3
149 97 30
150 25 40
151 65 23
152 24 57
153 44 19
154 40 58
155 18 53
156 3 99
157 27 94
158 61 73
159 45 77
160 21 88
161 56 22
162 57 85
163 24 64
164 50 86
165 89 58
166 96 53
167 96 13
168 57 19
169 55 67
170 86 78
171 34 50
172 23 40
173 98 93
174 59 91
175 100 8
176 66 29
177 79 42
178 78 56
179 6 50
180 61 29
181 36 12
182 57 11
183 88 51
184 87 46
185 97 57
186 65 100
187 1 36
188 44 15
189 59 14
190 64 92
191 36 78
192 59 94
193 74 71
194 94 33
195 33 5
196 2 45
197 29 43
198 57 33
199 88 60
200 81 9
201 47 81
202 73 67
203 57 2
204 49 70
205 51 91
206 70 40
207 90 84
208 68 62
209 38 26
210 4 60
211 38 46
212 74 98
213 49 6
214 26 36
215 78 14
216 84 8
217 31 49
218 60 24
219 89 51
220 4 84
221 50 90
222 33 21
223 19 63
224 82 11
225 63 72
226 27 91
227 51 83
228 3 65
229 64 48
230 52 98
231 13 82
232 49 56
233 58 91
234 80 18
235 14 74
236 38 72
237 1 64
238 48 70
239 21 42
240 1 20
241 75 17
242 88 74
243 9 42
244 96 82
245 18 32
246 61 9
247 100 39
248 25 21
249 38 76
250 27 37
251 8 41
252 91 69
253 50 56
254 14 60
255 43 98
256 81 41
257 33 8
258 78 52
259 72 74
260 85 20
261 36 12
262 60 38
263 22 13
264 16 64
265 50 19
266 73 66
267 79 20
268 8 100
269 75 49
270 87 92
271 22 27
272 6 68
273 8 87
274 78 48
275 79 74
276 32 62
277 18 37
278 74 97
279 61 17
280 16 31
281 84 47
282 33 17
283 38 61
284 54 28
285 6 30
286 36 38
287 38 53
288 50 78
289 99 41
290 82 80
291 9 19
292 46 78
293 10 36
294 59 100
295 6 79
296 30 45
297 67 57
298 17 2
299 67 65
300 40 83
301 49 61
302 64 33
303 57 45
304 68 4
305 12 81
306 65 37
307 86 83
308 50 79
309 78 44
310 8 65
311 55 68
312 51 65
313 84 9
314 48 76
315 67 98
316 73 9
317 95 67
318 86 27
319 90 100
320 5 36
321 98 14
322 42 24
323 34 56
324 95 20
325 26 89
326 22 12
327 78 22
328 48 15
329 30 20
330 26 69
331 81 23
332 98 91
333 48 68
334 32 44
335 73 18
336 34 21
337 96 38
338 34 62
339 75 25
340 13 94
341 37 64
342 16 1
343 55 70
344 93 55
345 49 95
346 21 100
347 35 57
348 51 100
349 63 11
350 59 3
351 23 22
352 93 2
353 7 72
354 70 30
355 49 74
356 4 90
357 97 46
358 14 92
359 99 35
360 25 74
361 47 16
362 96 27
363 90 90
364 39 37
365 13 82
366 96 44
367 93 60
368 15 40
369 70 44
370 32 10
371 64 25
372 98 26
373 32 33
374 32 81
375 62 11
376 38 38
377 51 48
378 98 1
379 96 74
380 2 46
381 90 90
382 95 72
383 88 28
384 24 95
385 78 26
386 20 92
387 97 17
388 33 98
389 64 25
390 11 75
391 46 47
392 92 86
393 12 25
394 50 90
395 30 4
396 91 13
397 9 73
398 72 48
399 89 92
400 37 63
401 44 96
402 31 23
403 16 36
404 96 51
405 95 80
406 56 61
407 70 57
408 74 82
409 36 2
410 34 75
411 75 66
412 47 58
413 5 37
414 1 89
415 28 2
416 57 35
417 61 8
418 20 17
419 59 44
420 86 39
421 73 95
422 46 10
423 36 35
424 31 53
425 16 9
426 33 29
427 54 46
428 22 1
429 51 59
430 77 44
431 85 10
432 35 100
433 42 12
434 72 98
435 42 45
436 57 28
437 86 88
438 88 15
439 37 79
440 68 51
441 42 53
442 82 99
443 56 33
444 52 29
445 70 23
446 54 74
447 52 87
448 92 26
449 18 61
450 38 10
451 18 37
452 21 15
453 88 1
454 33 13
455 14 92
456 3 5
457 3 34
458 12 95
459 50 71
460 45 27
461 25 71
462 7 59
463 23 71
464 9 7
465 30 83
466 39 12
467 42 49
468 44 31
469 54 40
470 41 37
471 34 37
472 70 15
473 70 49
474 21 86
475 26 24
476 53 2
477 68 11
478 72 59
479 88 51
480 18 54
481 43 56
482 49 17
483 18 60
484 97 68
485 18 6
486 95 76
487 39 19
488 2 96
489 75 86
490 4 44
491 10 89
492 75 73
493 39 41
494 76 52
495 74 55
496 11 4
497 32 78
498 37 58
499 96 22
500 14 50
501 98 31
502 67 19
503 84 58
504 58 60
505 45 25
506 25 15
507 24 9
508 16 100
509 83 53
510 20 78
511 91 31
512 42 56
513 22 89
514 57 100
515 72 98
516 59 90
517 58 99
518 89 91
519 60 82
520 70 77
521 21 70
522 52 19
523 93 79
524 33 95
525 76 61
526 94 71
527 44 66
528 19 27
529 30 55
530 20 26
531 91 53
532 21 5
533 15 67
534 73 92
535 37 61
536 61 31
537 95 94
538 81 66
539 61 40
540 84 19
541 67 27
542 14 48
543 29 33
544 21 65
545 14 6
546 53 6
547 12 95
548 3 9
549 54 95
550 67 68
551 44 1
552 89 95
553 33 4
554 49 74
555 95 67
556 87 58
557 13 8
558 81 46
559 87 56
560 85 90
561 45 1
562 77 93
563 3 64
564 80 81
565 39 30
566 100 13
567 42 51
568 91 11
569 32 75
570 100 39
571 99 70
572 63 83
573 34 6
574 91 67
575 18 22
576 32 35
577 32 37
578 97 81
579 3 53
580 4 70
581 100 20
582 77 35
583 23 61
584 54 97
585 41 29
586 90 63
587 6 7
588 90 43
589 89 45
590 5 56
591 84 89
592 67 100
593 80 41
594 14 89
595 44 63
596 70 91
597 75 87
598 11 72
599 84 53
600 89 90
601 98 4
602 90 52
603 41 30
604 60 73
605 60 29
606 80 29
607 40 63
608 5 22
609 96 37
610 72 66
611 50 99
612 21 84
613 31 76
614 35 100
615 6 18
616 75 78
617 35 37
618 15 75
619 31 51
620 2 38
621 52 70
622 66 93
623 64 42
624 16 90
625 45 55
626 35 70
627 64 51
628 83 51
629 66 78
630 73 81
631 15 30
632 92 25
633 16 38
634 28 44
635 50 39
636 62 75
637 36 95
638 71 100
639 56 97
640 66 35
641 43 80
642 65 24
643 17 97
644 54 15
645 79 100
646 59 14
647 57 73
648 13 20
649 80 6
650 54 5
651 1 71
652 10 53
653 30 19
654 93 79
655 21 25
656 49 76
657 46 62
658 22 14
659 87 92
660 96 88
661 48 72
662 7 72
663 100 9
664 95 37
665 98 56
666 31 75
667 62 77
668 48 8
669 75 81
670 27 23
671 30 29
672 12 77
673 27 94
674 96 99
675 3 22
676 10 56
677 65 94
678 69 23
679 78 100
680 12 35
681 55 63
682 89 23
683 54 83
684 18 54
685 7 13
686 34 79
687 5 24
688 9 23
689 42 20
690 69 89
691 67 20
692 6 79
693 57 64
694 45 25
695 54 81
696 35 19
697 26 64
698 11 85
699 86 85
700 51 26
701 23 57
702 79 1
703 61 85
704 92 77
705 33 34
706 32 68
707 17 3
708 70 8
709 23 55
710 30 63
711 91 14
712 57 15
713 16 77
714 55 59
715 30 18
716 67 91
717 12 22
718 3 88
719 6 22
720 39 24
721 60 6
722 6 41
723 88 36
724 52 11
725 43 2
726 18 90
727 73 52
728 13 24
729 34 86
730 7 73
731 99 27
732 80 67
733 63 27
734 1 56
735 30 93
736 11 55
737 53 24
738 23 86
739 60 25
740 92 7
741 77 71
742 81 26
743 78 36
744 89 66
745 57 100
746 84 24
747 46 90
748 91 38
749 100 71
750 51 57
751 79 27
752 92 78
753 58 52
754 30 6
755 39 87
756 11 22
757 38 41
758 77 28
759 69 33
760 96 16
761 8 74
762 55 92
763 93 58
764 74 56
765 57 63
766 71 76
767 67 41
768 11 69
769 49 81
770 39 18
771 10 52
772 6 7
773 90 67
774 10 51
775 44 60
776 51 9
777 51 72
778 73 88
779 31 52
780 75 98
781 20 53
782 50 71
783 52 73
784 95 55
785 81 29
786 80 59
787 53 41
788 25 1
789 73 32
790 85 25
791 54 69
792 96 73
793 43 33
794 18 22
795 66 80
796 17 46
797 12 78
798 7 80
799 83 78
800 44 92
801 86 29
802 44 26
803 82 26
804 84 49
805 79 72
806 14 46
807 39 44
808 15 36
809 86 58
810 7 19
811 50 66
812 30 28
813 97 34
814 54 34
815 45 95
816 14 33
817 31 18
818 96 73
819 8 12
820 14 81
821 34 43
822 39 48
823 83 91
824 35 59
825 36 42
826 18 55
827 80 84
828 78 99
829 47 35
830 25 61
831 53 10
832 76 48
833 76 17
834 92 62
835 6 42
836 62 45
837 42 19
838 58 92
839 86 95
840 5 29
841 59 33
842 2 7
843 91 45
844 37 14
845 27 44
846 55 88
847 78 72
848 48 90
849 36 4
850 96 82
851 3 64
852 46 84
853 53 82
854 69 97
855 7 85
856 22 9
857 72 38
858 30 95
859 25 100
860 39 91
861 99 43
862 99 7
863 36 20
864 39 29
865 50 1
866 65 72
867 82 87
868 39 7
869 61 61
870 75 57
871 1 76
872 60 66
873 70 64
874 15 59
875 65 44
876 27 40
877 71 84
878 11 44
879 80 36
880 52 51
881 100 6
882 59 66
883 98 93
884 6 71
885 2 70
886 7 45
887 38 97
888 1 56
889 84 21
890 17 12
891 95 93
892 79 2
893 95 57
894 36 18
895 88 74
896 6 54
897 10 68
898 9 91
899 98 57
900 12 83
901 7 50
902 67 58
903 97 91
904 15 68
905 67 78
906 28 77
907 26 75
908 38 85
909 37 46
910 9 8
911 50 33
912 9 42
913 100 71
914 51 65
915 13 72
916 91 46
917 76 15
918 53 80
919 12 18
920 77 86
921 3 60
922 8 76
923 92 96
924 97 24
925 73 93
926 29 37
927 87 34
928 25 85
929 88 3
930 62 61
931 98 42
932 92 91
933 88 5
934 41 27
935 39 3
936 99 65
937 8 16
938 68 70
939 22 96
940 12 55
941 97 98
942 12 89
943 59 81
944 92 12
945 65 90
946 95 80
947 74 37
948 20 31
949 30 58
950 2 18
951 51 81
952 72 51
953 83 16
954 51 61
955 21 13
956 6 23
957 91 55
958 50 47
959 57 1
960 44 6
961 89 5
962 4 34
963 8 11
964 86 66
965 94 27
966 51 47
967 100 25
968 31 88
969 86 37
970 32 49
971 60 53
972 65 6
973 68 78
974 16 33
975 72 96
976 61 67
977 61 43
978 73 2
979 24 73
980 50 16
981 21 4
982 10 68
983 5 43
984 10 71
985 45 79
986 73 54
987 30 95
988 93 7
989 23 23
990 42 83
991 85 42
992 49 76
993 86 56
994 37 20
995 18 51
996 79 13
997 77 85
998 10 11
999 1 6
1000 94 77
1001 50 34
1002 79 35
1003 10 21
1004 2 9
1005 23 90
1006 51 52
1007 98 34
1008 45 95
1009 18 100
1010 60 94
1011 51 20
1012 10 91
1013 31 33
1014 24 14
1015 91 56
1016 64 94
1017 77 44
1018 96 70
1019 31 81
1020 80 83
1021 28 29
1022 48 10
1023 40 62
1024 43 71
1025 34 20
1026 74 47
1027 61 4
1028 71 45
1029 31 67
1030 30 66
1031 67 37
1032 56 80
1033 38 34
1034 29 95
1035 3 29
1036 57 69
1037 37 28
1038 4 37
1039 41 84
1040 98 19
1041 2 42
1042 69 71
1043 45 87
1044 62 54
1045 75 13
1046 53 50
1047 31 75
1048 17 16
1049 74 2
1050 59 92
1051 66 100
1052 33 45
1053 38 79
1054 42 16
1055 91 67
1056 50 45
1057 80 69
1058 25 45
1059 91 16
1060 29 14
1061 18 4
1062 100 94
1063 64 30
1064 75 9
1065 75 82
1066 48 49
1067 25 17
1068 25 13
1069 83 36
1070 21 25
1071 20 82
1072 31 46
1073 13 74
1074 84 51
1075 21 26
1076 6 25
1077 10 38
1078 53 62
1079 34 90
1080 25 59
1081 42 93
1082 96 37
1083 70 42
1084 16 58
1085 39 61
1086 91 57
1087 60 25
1088 13 98
1089 3 62
1090 28 81
1091 52 90
1092 80 79
1093 35 9
1094 83 10
1095 13 22
1096 45 72
1097 46 50
1098 54 20
1099 22 92
1100 33 94
1101 50 17
1102 12 66
1103 44 1
1104 89 50
1105 36 50
1106 15 30
1107 57 87
1108 91 7
1109 20 25
1110 52 56
1111 62 49
1112 29 50
1113 16 34
1114 38 66
1115 90 43
1116 80 60
1117 34 90
1118 43 79
1119 88 14
1120 11 25
1121 30 96
1122 85 65
1123 31 52
1124 18 38
1125 46 11
1126 84 46
1127 90 39
1128 90 25
1129 43 49
1130 59 54
1131 15 27
1132 57 41
1133 55 96
1134 87 34
1135 61 3
1136 5 36
1137 19 56
1138 18 42
1139 50 22
1140 81 85
1141 54 80
1142 10 69
1143 1 57
1144 90 89
1145 17 97
1146 38 40
1147 29 12
1148 83 5
1149 65 30
1150 19 97
1151 48 7
1152 48 86
1153 79 49
1154 75 27
1155 41 71
1156 26 6
1157 84 78
1158 24 76
1159 35 79
1160 82 75
1161 91 9
1162 24 70
1163 40 39
1164 66 52
1165 10 98
1166 70 86
1167 74 7
1168 24 29
1169 97 39
1170 18 42
1171 15 94
1172 62 95
1173 54 72
1174 63 45
1175 87 17
1176 34 51
1177 37 5
1178 22 95
1179 13 51
1180 56 45
1181 12 68
1182 60 75
1183 54 14
1184 14 23
1185 2 20
1186 93 39
1187 58 75
1188 61 72
1189 30 35
1190 2 28
1191 88 56
1192 98 20
1193 15 57
1194 66 21
1195 62 6
1196 33 46
1197 83 2
1198 89 25
1199 60 82
1200 2 93
1201 81 45
1202 70 7
1203 78 52
1204 58 81
1205 86 32
1206 49 67
1207 84 21
1208 75 16
1209 58 96
1210 35 91
1211 80 63
1212 92 78
1213 76 9
1214 35 1
1215 68 76
1216 60 22
1217 80 43
1218 70 97
1219 92 88
1220 97 36
1221 77 18
1222 58 60
1223 46 87
1224 26 36
1225 20 18
1226 78 56
1227 86 20
1228 21 72
1229 9 20
1230 50 54
1231 50 53
1232 26 4
1233 66 57
1234 6 24
1235 52 64
1236 55 88
1237 56 91
1238 54 5
1239 81 58
1240 80 33
1241 73 42
1242 1 40
1243 13 61
1244 43 32
1245 31 30
1246 38 54
1247 40 42
1248 88 92
1249 26 52
1250 75 62
1251 62 44
1252 51 17
1253 27 51
1254 15 91
1255 66 3
1256 97 46
1257 57 92
1258 61 37
1259 44 27
1260 96 43
1261 31 43
1262 96 10
1263 36 48
1264 37 81
1265 28 52
1266 54 36
1267 17 28
1268 41 23
1269 89 23
1270 42 67
1271 6 30
1272 74 66
1273 31 52
1274 35 32
1275 42 38
1276 71 37
1277 54 37
1278 15 44
1279 37 2
1280 94 24
1281 78 42
1282 17 47
1283 70 32
1284 22 83
1285 12 69
1286 65 14
1287 53 46
1288 8 6
1289 85 95
1290 88 45
1291 22 68
1292 15 88
1293 20 69
1294 53 77
1295 50 17
1296 89 69
1297 44 70
1298 90 38
1299 49 44
1300 72 91
1301 42 36
1302 88 10
1303 68 97
1304 81 2
1305 8 80
1306 64 7
1307 54 63
1308 100 31
1309 85 54
1310 50 55
1311 54 45
1312 23 67
1313 95 27
1314 95 66
1315 34 51
1316 48 27
1317 87 92
1318 79 58
1319 13 28
1320 13 29
1321 34 98
1322 20 97
1323 25 10
1324 31 21
1325 38 82
1326 84 10
1327 8 17
1328 96 7
1329 32 60
1330 31 62
1331 82 49
1332 73 91
1333 55 42
1334 66 77
1335 45 54
1336 4 20
1337 22 59
1338 18 80
1339 94 6
1340 51 92
1341 97 88
1342 20 87
1343 81 86
1344 58 17
1345 98 63
1346 56 82
1347 76 26
1348 81 68
1349 43 94
1350 23 73
1351 71 66
1352 84 83
1353 93 65
1354 4 89
1355 73 33
1356 88 15
1357 52 95
1358 38 30
1359 38 78
1360 45 69
1361 25 75
1362 55 57
1363 64 54
1364 50 63
1365 67 94
1366 4 61
1367 46 45
1368 68 50
1369 50 45
1370 82 81
1371 88 63
1372 72 59
1373 9 49
1374 27 97
1375 53 93
1376 51 81
1377 11 78
1378 75 67
1379 67 96
1380 56 61
1381 90 23
1382 50 41
1383 42 29
1384 72 75
1385 51 47
1386 61 86
1387 43 87
1388 78 47
1389 93 31
1390 7 13
1391 90 89
1392 54 28
1393 49 22
1394 11 53
1395 52 22
1396 36 43
1397 2 26
1398 52 100
1399 27 87
1400 82 76
1401 55 43
1402 20 58
1403 80 3
1404 86 28
1405 89 68
1406 48 71
1407 91 88
1408 41 92
1409 80 84
1410 97 11
1411 62 34
1412 88 53
1413 88 56
1414 36 15
1415 87 78
1416 77 92
1417 30 74
1418 17 6
1419 76 86
1420 11 8
1421 36 70
1422 90 99
1423 51 43
1424 68 3
1425 58 50
1426 43 54
1427 69 33
1428 80 74
1429 76 11
1430 47 93
1431 14 50
1432 98 92
1433 61 13
1434 94 92
1435 1 92
1436 93 77
1437 11 71
1438 13 8
1439 50 25
1440 28 76
1441 71 19
1442 89 51
1443 42 33
1444 70 18
1445 4 92
1446 91 95
1447 4 94
1448 63 14
1449 68 9
1450 62 65
1451 80 91
1452 81 13
1453 20 17
1454 16 100
1455 4 50
1456 19 100
1457 33 64
1458 3 92
1459 48 50
1460 27 33
1461 39 46
1462 83 85
1463 72 20
1464 30 55
1465 40 93
1466 51 5
1467 66 62
1468 12 95
1469 50 44
1470 47 83
1471 51 14
1472 22 86
1473 88 96
1474 73 75
1475 66 79
1476 39 85
1477 5 87
1478 59 63
1479 48 53
1480 29 75
1481 58 60
1482 48 92
1483 52 70
1484 17 38
1485 12 91
1486 32 59
1487 75 78
1488 66 90
1489 47 86
1490 92 65
1491 34 81
1492 30 29
1493 74 9
1494 10 9
1495 81 34
1496 52 1
1497 30 80
1498 86 30
1499 13 69
1500 93 35
1501 20 19
1502 4 47
1503 21 81
1504 54 33
1505 25 80
1506 19 22
1507 8 79
1508 31 45
1509 65 17
1510 50 35
1511 47 37
1512 20 5
1513 79 97
1514 52 76
1515 98 100
1516 56 9
1517 52 33
1518 56 28
1519 69 3
1520 86 51
1521 48 53
1522 88 90
1523 39 25
1524 81 19
1525 88 62
1526 73 75
1527 1 82
1528 85 17
1529 98 50
1530 48 49
1531 96 13
1532 45 13
1533 45 96
1534 32 60
1535 35 69
1536 53 79
1537 73 38
1538 62 18
1539 96 61
1540 92 20
1541 75 61
1542 20 58
1543 40 14
1544 67 74
1545 71 9
1546 12 51
1547 25 69
1548 96 82
1549 97 45
1550 13 6
1551 72 62
1552 27 14
1553 60 80
1554 9 34
1555 41 35
1556 91 61
1557 2 75
1558 94 43
1559 56 87
1560 2 67
1561 10 81
1562 45 22
1563 35 45
1564 62 24
1565 47 44
1566 59 50
1567 82 27
1568 78 56
1569 11 39
1570 65 57
1571 57 90
1572 70 32
1573 53 59
1574 5 42
1575 72 58
1576 25 95
1577 79 3
1578 62 1
1579 33 25
1580 57 10
1581 97 83
1582 27 94
1583 45 91
1584 68 54
1585 77 48
1586 87 33
1587 19 96
1588 31 38
1589 65 40
1590 48 24
1591 6 51
1592 93 95
1593 27 23
1594 78 46
1595 18 62
1596 19 48
1597 49 43
1598 46 5
1599 80 96
1600 78 98
1601 91 56
1602 7 92
1603 24 99
1604 100 62
1605 33 75
1606 98 76
1607 86 3
1608 35 8
1609 89 21
1610 77 40
1611 58 37
1612 5 92
1613 98 87
1614 8 28
1615 57 54
1616 91 66
1617 60 48
1618 8 28
1619 91 89
1620 43 65
1621 15 62
1622 82 13
1623 37 20
1624 48 18
1625 9 59
1626 53 6
1627 94 13
1628 46 49
1629 87 27
1630 88 58
1631 46 68
1632 61 78
1633 98 79
1634 31 60
1635 21 84
1636 2 89
1637 37 90
1638 68 29
1639 61 36
1640 48 82
1641 60 33
1642 11 39
1643 10 99
1644 70 20
1645 57 94
1646 52 31
1647 10 77
1648 96 6
1649 1 87
1650 87 99
1651 13 46
1652 45 73
1653 20 9
1654 52 43
1655 42 61
1656 3 91
1657 23 86
1658 49 26
1659 31 44
1660 71 43
1661 13 51
1662 72 73
1663 46 64
1664 38 9
1665 57 83
1666 67 29
1667 77 50
1668 44 92
1669 99 31
1670 22 94
1671 37 50
1672 100 16
1673 26 86
1674 23 76
1675 12 97
1676 56 28
1677 96 99
1678 49 5
1679 39 69
1680 56 8
1681 80 33
1682 6 61
1683 18 49
1684 31 78
1685 77 9
1686 26 72
1687 55 100
1688 98 13
1689 72 77
1690 61 25
1691 99 32
1692 12 89
1693 94 72
1694 47 26
1695 57 7
1696 66 85
1697 84 61
1698 38 32
1699 53 43
1700 1 47
1701 8 34
1702 70 1
1703 45 87
1704 62 57
1705 63 20
1706 11 91
1707 14 5
1708 83 80
1709 79 62
1710 12 89
1711 37 82
1712 83 96
1713 3 78
1714 92 45
1715 3 74
1716 91 62
1717 48 80
1718 82 63
1719 28 52
1720 17 43
1721 16 6
1722 100 75
1723 36 10
1724 64 91
1725 11 18
1726 42 19
1727 40 60
1728 81 33
1729 16 100
1730 9 40
1731 81 56
1732 46 47
1733 23 19
1734 97 88
1735 52 21
1736 49 52
1737 12 54
1738 71 46
1739 31 34
1740 53 29
1741 3 19
1742 5 53
1743 5 44
1744 71 100
1745 36 27
1746 99 96
1747 11 38
1748 30 34
1749 43 77
1750 44 29
1751 89 61
1752 49 33
1753 75 76
1754 24 27
1755 93 21
1756 88 48
1757 75 10
1758 45 41
1759 23 26
1760 35 5
1761 79 5
1762 16 95
1763 77 11
1764 96 83
1765 95 92
1766 26 46
1767 91 93
1768 34 78
1769 55 50
1770 26 12
1771 8 70
1772 7 69
1773 89 81
1774 56 19
1775 44 79
1776 55 16
1777 43 54
1778 64 28
1779 31 69
1780 83 64
1781 44 35
1782 15 95
1783 75 96
1784 95 31
1785 86 13
1786 61 50
1787 34 50
1788 21 83
1789 81 42
1790 41 36
1791 71 5
1792 29 49
1793 81 9
1794 4 86
1795 80 67
1796 15 34
1797 19 42
1798 28 82
1799 77 16
1800 79 47
1801 5 23
1802 11 1
1803 100 94
1804 37 86
1805 9 84
1806 22 80
1807 51 63
1808 50 10
1809 15 52
1810 4 34
1811 14 91
1812 91 11
1813 81 31
1814 74 56
1815 8 35
1816 27 6
1817 15 80
1818 83 69
1819 75 65
1820 61 37
1821 54 87
1822 47 23
1823 99 45
1824 14 15
1825 11 6
1826 7 80
1827 88 76
1828 80 97
1829 71 88
1830 89 65
1831 39 9
1832 75 66
1833 68 59
1834 63 61
1835 76 85
1836 22 86
1837 2 83
1838 65 65
1839 45 70
1840 89 66
1841 22 68
1842 68 96
1843 18 50
1844 46 36
1845 92 76
1846 43 14
1847 36 92
1848 18 61
1849 34 11
1850 65 89
1851 3 99
1852 97 11
1853 50 55
1854 65 79
1855 47 36
1856 31 89
1857 63 43
1858 41 12
1859 28 96
1860 44 8
1861 100 23
1862 88 16
1863 29 72
1864 63 84
1865 45 34
1866 35 21
1867 43 74
1868 55 79
1869 36 23
1870 42 72
1871 40 81
1872 19 9
1873 41 31
1874 59 9
1875 51 99
1876 37 86
1877 24 29
1878 65 72
1879 85 70
1880 92 51
1881 29 51
1882 47 49
1883 94 97
1884 19 82
1885 67 61
1886 42 78
1887 39 32
1888 93 6
1889 61 12
1890 3 58
1891 18 82
1892 66 16
1893 79 41
1894 89 54
1895 98 9
1896 37 35
1897 89 39
1898 67 93
1899 83 64
1900 5 41
1901 22 37
1902 39 14
1903 21 21
1904 81 29
1905 76 16
1906 42 53
1907 36 79
1908 61 45
1909 94 54
1910 46 15
1911 18 36
1912 29 33
1913 79 68
1914 88 71
1915 79 88
1916 38 36
1917 71 21
1918 86 78
1919 50 3
1920 29 73
1921 24 6
1922 23 60
1923 69 51
1924 94 8
1925 13 42
1926 6 29
1927 94 68
1928 81 68
1929 39 34
1930 95 21
1931 29 29
1932 93 98
1933 25 35
1934 42 40
1935 88 76
1936 11 5
1937 85 94
1938 6 88
1939 10 56
1940 42 35
1941 5 42
1942 79 99
1943 86 4
1944 22 17
1945 43 10
1946 97 9
1947 26 9
1948 34 9
1949 80 16
1950 14 39
1951 77 60
1952 90 57
1953 96 82
1954 57 71
1955 19 33
1956 73 29
1957 15 65
1958 99 53
1959 74 62
1960 31 47
1961 36 35
1962 75 96
1963 16 99
1964 76 73
1965 90 77
1966 3 99
1967 82 15
1968 94 81
1969 50 93
1970 65 87
1971 62 8
1972 68 89
1973 7 43
1974 40 61
1975 80 41
1976 99 77
1977 3 53
1978 85 86
1979 9 56
1980 93 70
1981 51 80
1982 67 21
1983 5 46
1984 7 54
1985 97 46
1986 56 17
1987 29 55
1988 11 75
1989 21 96
1990 11 81
1991 34 77
1992 67 42
1993 44 89
1994 12 53
1995 45 11
1996 3 71
1997 62 15
1998 77 8
1999 100 8

Best Route:
187 12 1565 18 1476 164 1474 75 811 1352 437 665 1149 1198 1780 566 1260 1389 485 1414 1869 406 232 142 821 368 467 500 1983 1743 1489 503 1069 1769 182 1545 349 1775 790 1971 126 226 432 908 106 1165 771 1853 1310 574 1473 552 1829 975 722 1635 603 1141 5 275 867 610 417 262 1255 1306 1293 1175 50 1028 317 1716 1314 1539 208 1277 1855 1000 1140 429 60 1608 1740 1632 1096 571 192 1549 1914 137 265 905 1969 838 1155 672 735 488 1009 277 291 1342 1486 1747 1402 237 1329 718 1851 1440 49 1953 11 659 517 363 1847 1594 1083 1368 1097 1822 391 1366 1242 1373 221 498 249 29 785 351 457 15 1338 1138 1962 1525 1273 1330 43 312 850 1943 1982 1046 1454 570 1930 1988 798 53 860 1749 255 510 846 1178 1679 1922 155 1596 243 888 823 1018 693 1597 714 1318 1309 1755 1830 1791 112 216 1538 1481 1839 767 392 918 1533 1834 341 820 1798 1535 1215 214 1721 1275 436 1086 1584 70 34 1696 1053 584 576 426 1125 1680 1799 830 1621 897 1468 63 840 1114 1646 1459 1023 615 487 740 881 1094 479 1159 1211 73 165 958 1160 186 1978 256 1526 847 1672 632 1174 125 1788 533 1987 1235 844 1014 1808 1067 531 81 1056 1172 532 1950 424 1173 1331 1130 184 861 1391 1835 1681 241 793 525 1897 702 398 1036 782 1045 1126 753 1787 1482 848 1204 14 1099 736 631 1247 523 495 509 786 1691 393 1705 573 906 898 414 1612 1852 213 1771 676 1017 843 889 177 745 682 1888 20 1064 331 1154 1544 666 1012 1509 30 1194 642 943 1118 382 409 849 1860 1372 1423 1105 1230 66 1042 1250 1463 1846 1900 707 948 1248 1556 1404 1929 818 1606 1840 723 1116 1564 238 623 124 836 1047 1806 1766 304 1960 1785 1197 1725 910 919 1304 1986 833 400 383 582 1654 1704 1169 197 1792 1955 864 200 1129 713 163 330 1072 1543 328 1167 589 504 1686 1910 322 670 757 781 1563 1857 760 37 593 1283 1467 19 178 1605 136 884 1428 1927 252 313 1001 444 994 653 1902 99 1326 1298 956 1947 1709 242 592 622 815 1647 762 826 1027 1789 744 946 1015 1115 217 1058 1095 377 1761 803 1347 1874 1889 1750 1100 384 380 116 337 1952 641 1746 560 607 686 1706 1994 492 872 1917 787 739 431 1624 557 810 1903 1896 1532 1320 1453 1234 1796 1832 853 72 1085 947 327 1145 258 26 516 667 1043 828 508 1779 842 1076 1335 1992 1744 1162 922 264 360 1071 1996 90 577 110 655 934 144 617 413 13 1741 245 902 1643 272 1253 1670 228 915 852 105 1364 1024 45 780 259 1479 1911 737 149 501 1262 929 1119 25 819 1698 1252 1629 829 837 728 1849 1758 1156 865 1259 1831 759 1432 1600 597 1280 1604 1956 935 1295 1354 1989 1030 1032 1576 1786 1776 1441 971 949 171 250 210 1431 1901 9 1945 415 1184 1781 1464 887 3 439 851 22 1511 401 1878 639 1408 463 1805 1891 1005 480 937 734 797 1223 750 204 1406 408 1827 534 474 985 1020 558 1675 273 1419 1303 928 643 410 1355 556 1384 1559 551 1598 418 396 1622 1577 1967 1892 1202 1506 1944 724 1274 1075 1460 1763 1519 31 369 710 234 917 777 21 1619 709 1925 1449 909 651 756 1359 428 175 472 1148 51 1777 1433 1919 248 541 443 1611 980 1177 1580 445 77 1872 261 471 955 1068 1873 605 1461 1554 148 1168 1809 462 1394 147 1578 306 278 405 769 519 169 1711 307 1616 587 869 1814 233 658 1948 1810 806 1214 875 130 1862 1269 1498 1759 1240 1807 102 1077 449 1434 614 375 1607 944 1195 251 907 338 1291 154 549 219 1226 1221 1924 8 978 1151 88 1231 1034 1617 1443 774 1039 1991 620 618 513 212 630 1558 569 524 310 458 1662 1191 963 1243 700 730 1237 1754 974 335 1961 1124 1724 883 1638 1997 123 295 1035 370 151 454 662 1560 680 301 146 1222 326 845 235 465 1663 916 1007 1388 1921 1841 1856 1571 920 1710 397 1515 1379 555 230 87 269 1729 268 1305 294 1804 93 150 435 100 1063 1495 1999 170 1144 913 1315 427 966 812 1216 224 779 1870 1351 599 289 1290 1572 153 1552 960 1452 215 1201 633 1029 1013 1209 784 586 1913 1739 364 441 563 747 394 742 991 981 671 1974 1418 1425 719 1609 1059 1229 1494 1107 1003 1210 193 421 690 7 1818 1041 1651 591 1865 1671 1367 89 1008 866 548 450 1492 1518 323 1546 54 705 1066 616 1783 1386 1650 1392 1228 701 984 425 347 684 595 1313 378 1101 1103 717 1794 521 1421 1356 664 1444 247 901 1871 1497 490 687 1837 191 1321 637 305 1517 1719 1626 553 1282 1271 1033 1044 1456 447 190 764 996 287 1176 334 271 1180 236 6 502 1339 763 1975 1146 220 1437 1181 145 367 227 288 796 329 263 139 1499 1136 1131 452 340 1462 704 1581 1416 1628 1844 1717 1376 954 1106 134 608 412 567 1439 203 967 743 1752 648 1279 1745 1503 293 1926 794 583 156 755 1081 527 339 460 1369 1757 128 1876 1011 1183 496 1649 491 1732 1736 822 1287 419 930 1153 1639 1881 1270 1817 1121 647 891 609 420 628 1819 299 1478 725 1981 4 1964 1615 1349 1110 518 1883 932 1753 1845 183 40 402 475 1031 1055 952 1381 321 372 1854 1135 668 788 720 1113 65 546 998 1931 478 486 839 1166 941 1589 1093 831 1684 1689 1488 1249 314 209 733 168 74 965 39 1524 1824 1770 711 969 1568 333 1137 1337 1720 635 158 71 968 1505 1006 1088 1836 1692 1782 1224 253 1078 1985 731 964 649 1512 1060 1816 1906 1385 1251 657 814 832 791 481 1655 159 1703 598 748 1734 699 1935 59 1570 993 1932 1645 1405 1722 1603 82 1466 1238 1496 1284 143 58 594 1447 561 297 783 276 104 904 1117 1920 1683 1278 69 1642 352 453 469 1187 318 751 1540 834 1828 1915 1587 768 1089 1157 161 1641 1427 389 113 1695 1644 86 1567 218 1690 1037 79 926 652 939 1620 1523 530 1245 320 1885 1311 257 802 1383 1302 1905 1323 353 1455 874 1111 712 1699 1726 298 1980 640 1139 1268 1052 880 223 855 376 95 1998 1653 403 863 470 1908 1995 1004 47 1361 1407 746 1213 371 1128 274 1861 1688 343 1297 1884 1502 1682 894 1898 166 1529 695 1301 1590 1972 1859 358 1294 196 1637 1583 688 1742 1413 366 1375 1346 1016 936 899 1803 893 727 379 669 1051 1610 473 1723 84 1241 1823 977 1773 654 433 179 1713 381 799 1451 1 119 303 1469 1778 1774 721 661 350 1448 1073 1826 1630 1693 878 816 1080 544 1875 679 407 1714 1728 600 1797 1179 1196 1625 976 202 536 813 484 1353 873 246 1471 1344 1528 279 1968 92 1395 691 198 1541 1575 1909 1593 1501 1733 114 685 1147 1701 1702 1316 575 240 1109 1936 506 543 1768 1090 950 1614 32 38 1324 1658 1916 987 775 729 1380 1668 1976 270 895 1536 1842 621 526 1371 1764 35 538 98 356 624 983 542 1507 1450 1895 1784 1161 1678 1319 1912 1350 656 2 1958 1057 564 399 416 650 1940 135 581 44 1091 886 1941 1021 1205 309 1537 535 390 80 1484 579 1687 1340 132 111 982 1521 434 1880 1659 1882 1493 804 1308 1923 1143 547 962 24 1435 515 355 1445 1553 1317 778 1965 1751 957 122 1412 1074 1170 590 1491 625 1010 1864 1370 1765 694 1877 387 127 33 1188 945 455 160 78 645 1993 1200 1048 1163 361 476 1504 1424 896 115 16 1657 1715 1990 619 1120 1531 76 1586 511 1393 1760 395 324 927 540 1579 1054 1185 825 870 858 118 1928 868 856 1973 1019 585 1261 1508 1265 1189 1790 311 1002 46 1203 385 1186 448 107 1220 1363 923 1123 1112 1848 1084 244 627 741 1415 315 703 290 1410 267 1618 1979 308 827 446 131 716 442 1426 761 876 1333 1049 1358 1360 512 140 61 188 1636 1963 1325 1457 911 1490 1436 1192 568 1899 459 1667 359 362 1718 83 1954 629 903 854 1062 1527 940 1207 194 1292 1458 1665 545 1656 604 56 1150 738 1602 1102 1673 497 986 931 1233 681 1477 1595 300 726 1374 1133 1674 1939 23 1652 1276 1893 1239 1907 477 167 663 1108 482 1793 1232 172 189 1562 646 1429 772 698 1811 1868 1365 1514 489 882 824 1206 284 1299 1934 1633 1087 260 606 997 1430 1480 1890 1707 1327 1193 1190 464 1737 613 1264 68 1767 1959 578 1281 924 596 588 225 1676 758 1040 1949 493 1843 206 522 1516 57 1061 461 900 1485 776 36 1396 430 1357 773 27 1263 1398 1534 634 675 1542 1887 411 1833 1022 959 28 1082 1879 1858 961 862 85 1256 404 141 438 1933 1285 1812 1548 1422 1513 1613 1343 286 885 1182 1212 357 988 871 133 296 325 706 1977 1574 1748 708 1246 1727 1762 602 1660 539 1820 601 689 336 528 120 1411 1825 1286 1863 990 1312 157 612 979 319 117 1867 1382 1813 972 302 162 1756 792 749 345 365 1957 62 1038 505 1227 1152 638 951 683 388 1795 1738 879 678 1566 1475 1409 1387 1582 1970 0 10 332 1065 1821 800 152 554 283 94 989 1530 550 1500 138 877 1272 1348 933 185 280 835 1697 121 41 1345 1218 611 1573 1800 857 1225 1070 1942 1487 807 64 660 801 1946 1802 42 1399 222 1866 1669 953 1886 992 697 1772 514 1522 1708 173 346 1171 626 174 1092 1378 48 752 1677 1838 1420 1267 423 1588 1666 1341 1446 732 1648 1328 1134 499 1442 1199 1918 1127 374 1098 468 1417 1465 925 1470 239 451 1217 1685 199 789 1894 809 67 1694 808 692 1050 677 674 181 696 1904 354 1634 529 1938 1288 644 841 1257 636 1631 1377 231 1401 483 580 1142 1244 770 373 205 1332 494 440 1296 1951 1551 562 1850 316 1403 999 565 1555 17 1307 1520 1104 765 1472 942 1322 211 817 282 1258 1585 91 129 281 805 559 795 537 1599 1592 1266 1164 229 386 1236 1300 520 180 890 1547 1984 1815 1438 1735 466 1623 995 1254 1557 108 1550 285 1730 673 766 1937 1219 207 1026 103 1640 572 1561 96 1966 921 254 1661 1132 1362 1731 1601 1122 1079 201 1208 1390 456 1664 754 859 1483 101 1510 109 1700 176 52 1627 344 892 715 97 507 1336 1591 342 195 1569 912 1712 1289 348 1158 970 422 1025 1801 292 55 914 1334 973 266 938 1400 1397 
Total Distance:
67213
