Cities:
0 55 8
1 74 65
2 94 75
3 31 17
4 71 95
5 67 6
6 1 42
7 61 83
8 10 31
9 87 39
10 85 6
11 73 31
12 21 50
13 62 71
14 14 26
15 11 13
16 55 22
17 72 52
18 28 7
19 75 2
20 100 56
21 60 68
22 98 18
23 78 24
24 24 90
25 51 31
26 67 17
27 76 87
28 95 23
29 75 36
30 13 66
31 74 60
32 73 66
33 4 80
34 23 42
35 1 22
36 65 38
37 100 73
38 6 82
39 58 47
40 12 49
41 57 47
42 41 40
43 62 90
44 97 13
45 64 46
46 15 49
47 30 90
48 59 17
49 41 35
50 96 92
51 64 67
52 63 86
53 45 73
54 86 28
55 26 84
56 17 90
57 96 43
58 86 80
59 90 21
60 62 27
61 41 93
62 69 63
63 25 74
64 87 13
65 59 16
66 69 8
67 99 16
68 33 68
69 51 92
70 47 23
71 46 79
72 28 64
73 50 48
74 68 42
75 8 54
76 71 64
77 35 93
78 73 54
79 4 58
80 10 46
81 73 13
82 6 42
83 67 69
84 16 70
85 85 99
86 94 23
87 48 60
88 76 47
89 30 52
90 53 92
91 26 100
92 88 30
93 21 91
94 21 75
95 80 40
96 71 19
97 32 20
98 77 73
99 9 34
100 69 39
101 91 32
102 23 24
103 23 24
104 6 41
105 12 15
106 5 94
107 81 92
108 78 46
109 83 54
110 4 11
111 51 83
112 82 56
113 11 8
114 93 41
115 93 9
116 22 40
117 75 5
118 39 43
119 34 77
120 74 23
121 21 82
122 73 3
123 17 12
124 44 99
125 34 72
126 77 18
127 33 28
128 68 63
129 51 59
130 76 80
131 56 89
132 42 36
133 48 98
134 82 47
135 67 42
136 81 95
137 5 77
138 47 50
139 56 88
140 37 1
141 48 44
142 13 59
143 2 64
144 40 59
145 46 86
146 65 12
147 8 18
148 82 76
149 94 80
150 3 66
151 60 35
152 91 78
153 69 80
154 86 50
155 5 27
156 94 88
157 43 83
158 64 50
159 79 5
160 48 15
161 80 58
162 85 67
163 17 20
164 44 83
165 4 71
166 85 72
167 88 85
168 64 48
169 13 14
170 36 16
171 85 31
172 40 77
173 95 31
174 15 46
175 53 65
176 99 37
177 86 33
178 3 49
179 59 1
180 55 3
181 77 93
182 38 11
183 37 83
184 75 47
185 34 14
186 10 39
187 78 54
188 53 43
189 79 59
190 16 94
191 12 61
192 4 69
193 34 20
194 91 69
195 22 17
196 20 76
197 56 40
198 7 11
199 70 43
200 35 86
201 62 25
202 72 16
203 5 20
204 4 31
205 38 86
206 38 83
207 29 27
208 74 23
209 89 98
210 34 72
211 71 21
212 28 60
213 52 69
214 66 72
215 14 42
216 48 29
217 38 70
218 59 87
219 51 64
220 28 69
221 39 61
222 88 38
223 72 80
224 79 95
225 68 14
226 37 5
227 87 89
228 64 33
229 64 79
230 72 13
231 81 70
232 32 9
233 57 88
234 65 9
235 92 79
236 93 78
237 9 51
238 91 51
239 19 91
240 73 95
241 30 41
242 72 63
243 82 88
244 8 54
245 62 24
246 47 46
247 43 46
248 2 14
249 69 62
250 85 83
251 89 55
252 28 43
253 16 22
254 24 92
255 85 82
256 76 80
257 3 53
258 72 33
259 60 3
260 12 53
261 81 21
262 26 8
263 60 72
264 85 76
265 39 11
266 61 81
267 67 58
268 76 42
269 55 31
270 39 95
271 57 10
272 81 14
273 73 72
274 12 31
275 48 45
276 97 86
277 74 52
278 10 75
279 80 80
280 33 91
281 73 8
282 33 83
283 45 23
284 27 37
285 99 86
286 76 94
287 12 26
288 93 34
289 76 77
290 67 41
291 87 53
292 28 14
293 77 26
294 66 44
295 81 78
296 12 73
297 68 21
298 92 45
299 92 4
300 42 90
301 99 96
302 60 76
303 57 47
304 3 36
305 73 80
306 88 35
307 45 72
308 29 95
309 86 11
310 17 1
311 34 37
312 21 74
313 51 75
314 83 10
315 27 35
316 49 96
317 61 72
318 20 53
319 96 2
320 68 57
321 20 54
322 35 41
323 48 54
324 72 43
325 90 56
326 15 89
327 70 46
328 46 52
329 6 95
330 61 32
331 40 48
332 78 14
333 28 9
334 7 71
335 39 91
336 60 62
337 13 78
338 33 96
339 20 78
340 59 27
341 72 93
342 16 26
343 32 90
344 100 99
345 10 23
346 37 7
347 58 95
348 63 55
349 93 3
350 55 2
351 37 45
352 47 86
353 73 7
354 4 69
355 5 56
356 20 92
357 29 37
358 17 20
359 23 44
360 99 88
361 56 21
362 49 69
363 37 79
364 65 54
365 94 62
366 43 81
367 3 50
368 31 22
369 2 40
370 74 75
371 63 47
372 79 14
373 94 12
374 88 49
375 11 42
376 65 16
377 3 23
378 52 99
379 92 93
380 18 75
381 6 27
382 8 27
383 48 64
384 18 1
385 1 42
386 88 99
387 74 86
388 68 33
389 100 8
390 61 97
391 79 79
392 76 40
393 47 62
394 65 63
395 12 88
396 63 53
397 40 10
398 25 73
399 19 83
400 29 65
401 8 31
402 60 44
403 50 20
404 48 16
405 54 17
406 71 88
407 35 96
408 17 88
409 13 51
410 19 90
411 21 70
412 31 42
413 83 16
414 15 12
415 96 59
416 35 79
417 72 88
418 95 60
419 43 30
420 9 57
421 90 28
422 59 68
423 58 93
424 36 27
425 60 40
426 80 95
427 19 14
428 36 53
429 54 6
430 23 39
431 83 34
432 70 37
433 28 22
434 59 88
435 82 79
436 50 56
437 97 67
438 13 26
439 53 39
440 41 4
441 1 43
442 71 53
443 14 45
444 82 51
445 56 62
446 20 43
447 96 63
448 12 3
449 78 15
450 70 51
451 43 68
452 23 52
453 79 94
454 63 100
455 78 41
456 95 88
457 94 5
458 68 88
459 4 69
460 68 56
461 32 42
462 38 48
463 43 67
464 5 76
465 62 20
466 33 47
467 46 33
468 91 4
469 21 68
470 47 72
471 24 29
472 56 9
473 52 15
474 64 23
475 94 16
476 98 38
477 61 5
478 90 39
479 64 24
480 33 86
481 4 30
482 68 86
483 20 9
484 25 88
485 88 42
486 77 46
487 77 35
488 59 71
489 9 53
490 41 91
491 73 36
492 72 78
493 5 68
494 84 67
495 94 45
496 89 86
497 10 21
498 34 10
499 55 3
500 53 68
501 46 91
502 36 13
503 66 96
504 68 58
505 19 53
506 85 94
507 58 24
508 91 48
509 31 14
510 80 36
511 25 19
512 59 59
513 84 14
514 57 35
515 45 34
516 56 71
517 56 14
518 28 62
519 96 27
520 86 14
521 55 27
522 60 44
523 79 73
524 68 39
525 18 95
526 44 18
527 48 45
528 21 52
529 90 12
530 53 36
531 36 79
532 34 35
533 8 41
534 27 90
535 91 73
536 53 15
537 87 51
538 4 39
539 87 35
540 53 15
541 71 48
542 73 82
543 16 51
544 71 64
545 56 59
546 40 30
547 95 48
548 73 64
549 79 33
550 33 92
551 4 15
552 78 60
553 51 96
554 82 94
555 46 76
556 30 10
557 82 9
558 40 17
559 38 10
560 30 87
561 67 100
562 67 41
563 18 48
564 34 66
565 90 4
566 23 18
567 87 9
568 74 32
569 28 58
570 79 9
571 72 96
572 89 37
573 95 68
574 31 77
575 54 90
576 76 85
577 71 2
578 3 4
579 52 30
580 100 54
581 9 2
582 38 50
583 26 70
584 7 95
585 39 28
586 31 96
587 24 81
588 65 37
589 23 35
590 33 9
591 100 78
592 71 38
593 24 23
594 75 90
595 43 61
596 6 7
597 38 100
598 91 83
599 97 93
600 55 40
601 24 86
602 31 51
603 29 11
604 95 88
605 91 69
606 34 17
607 90 75
608 95 15
609 35 85
610 90 34
611 92 20
612 10 23
613 57 69
614 22 3
615 86 99
616 19 66
617 48 61
618 82 96
619 41 80
620 31 43
621 98 100
622 5 77
623 71 93
624 76 37
625 95 58
626 6 78
627 48 46
628 95 7
629 65 14
630 50 31
631 88 5
632 17 31
633 99 77
634 34 47
635 65 34
636 24 43
637 49 90
638 14 61
639 9 43
640 26 17
641 19 96
642 29 74
643 60 85
644 84 94
645 42 80
646 92 67
647 48 26
648 82 94
649 53 64
650 94 8
651 70 26
652 19 56
653 8 8
654 62 40
655 19 38
656 31 3
657 33 78
658 57 49
659 15 39
660 70 19
661 46 53
662 100 84
663 20 74
664 76 67
665 11 70
666 10 94
667 59 63
668 46 34
669 50 29
670 31 35
671 99 72
672 82 89
673 54 77
674 56 28
675 42 18
676 56 97
677 65 61
678 96 10
679 51 75
680 33 35
681 36 29
682 20 96
683 22 50
684 3 41
685 70 19
686 29 49
687 89 81
688 38 47
689 57 34
690 46 67
691 72 37
692 3 26
693 31 5
694 90 91
695 39 87
696 79 53
697 53 91
698 59 11
699 85 8
700 54 41
701 75 19
702 2 21
703 76 57
704 81 44
705 60 78
706 61 13
707 43 74
708 67 99
709 77 86
710 16 3
711 73 50
712 100 2
713 8 44
714 27 94
715 82 86
716 77 86
717 11 32
718 89 79
719 19 45
720 89 60
721 58 17
722 25 83
723 66 6
724 80 4
725 49 39
726 12 70
727 52 75
728 45 26
729 63 91
730 89 86
731 44 56
732 98 99
733 92 21
734 30 39
735 85 17
736 30 12
737 80 73
738 35 18
739 23 45
740 20 28
741 32 31
742 71 2
743 4 9
744 37 3
745 90 29
746 61 84
747 38 69
748 89 74
749 22 48
750 34 77
751 93 97
752 64 74
753 74 14
754 51 22
755 95 3
756 61 73
757 29 53
758 34 6
759 7 4
760 14 93
761 49 65
762 24 42
763 76 78
764 6 43
765 51 88
766 77 19
767 55 52
768 21 60
769 57 89
770 16 20
771 36 96
772 88 47
773 57 8
774 71 57
775 67 1
776 37 37
777 48 69
778 94 39
779 5 52
780 58 26
781 10 13
782 18 51
783 41 22
784 49 78
785 8 42
786 63 63
787 23 96
788 30 55
789 35 45
790 28 19
791 71 87
792 95 36
793 40 76
794 49 80
795 56 32
796 11 64
797 84 37
798 72 93
799 15 19
800 97 32
801 9 16
802 19 70
803 99 62
804 55 91
805 47 74
806 3 51
807 97 99
808 17 79
809 12 57
810 95 55
811 51 95
812 30 67
813 5 70
814 63 78
815 11 32
816 24 22
817 80 63
818 55 92
819 55 8
820 32 86
821 4 60
822 28 24
823 32 95
824 31 68
825 9 83
826 13 74
827 72 93
828 74 27
829 61 43
830 5 93
831 46 100
832 97 75
833 17 77
834 9 96
835 80 48
836 35 45
837 85 21
838 34 74
839 90 70
840 91 70
841 21 10
842 16 30
843 86 70
844 38 48
845 36 56
846 96 77
847 34 37
848 49 92
849 66 68
850 12 7
851 18 39
852 5 85
853 64 90
854 80 60
855 72 43
856 31 96
857 61 84
858 53 37
859 64 48
860 38 43
861 25 45
862 37 2
863 94 24
864 66 36
865 50 42
866 69 10
867 33 4
868 57 12
869 89 34
870 75 15
871 46 82
872 56 63
873 64 1
874 82 37
875 79 84
876 36 17
877 21 58
878 18 88
879 21 25
880 29 79
881 33 5
882 31 74
883 45 35
884 15 1
885 1 43
886 47 88
887 53 15
888 100 84
889 28 89
890 6 50
891 99 90
892 53 48
893 53 59
894 81 56
895 55 80
896 28 96
897 5 17
898 20 54
899 6 98
900 23 7
901 31 96
902 82 22
903 46 95
904 76 90
905 63 96
906 23 34
907 59 76
908 56 77
909 30 60
910 6 16
911 71 100
912 17 17
913 31 74
914 22 41
915 34 92
916 4 65
917 27 98
918 69 14
919 45 93
920 64 91
921 93 96
922 97 84
923 85 80
924 31 63
925 90 84
926 100 57
927 45 70
928 97 100
929 7 48
930 83 69
931 92 54
932 17 14
933 70 31
934 80 5
935 70 37
936 50 2
937 23 80
938 74 47
939 54 96
940 1 30
941 13 31
942 95 92
943 77 36
944 98 27
945 78 25
946 73 65
947 48 89
948 15 50
949 11 99
950 66 22
951 24 80
952 12 70
953 76 31
954 98 80
955 9 37
956 43 38
957 41 12
958 78 33
959 19 29
960 40 94
961 72 69
962 10 86
963 38 4
964 14 45
965 95 68
966 6 81
967 86 59
968 88 32
969 83 34
970 6 22
971 74 71
972 95 94
973 31 87
974 83 3
975 64 27
976 96 15
977 38 61
978 28 52
979 60 17
980 5 87
981 47 94
982 69 54
983 97 10
984 47 12
985 89 33
986 4 100
987 72 62
988 84 37
989 4 48
990 99 17
991 26 24
992 47 52
993 76 25
994 88 8
995 34 37
996 27 80
997 22 43
998 55 72
999 19 94

Best Route:
128 229 300 352 307 813 354 591 599 633 359 315 984 230 698 440 755 424 776 532 636 995 799 207 122 469 443 996 459 326 395 257 35 482 250 930 189 625 12 710 738 743 427 614 819 585 957 838 87 465 866 66 873 48 226 862 56 399 718 972 648 325 73 579 499 0 681 990 413 968 535 235 839 988 842 309 567 520 723 655 881 502 526 292 740 959 368 754 721 147 958 64 5 332 868 758 483 511 713 335 138 546 160 775 565 759 265 744 801 781 734 24 561 267 114 374 817 442 570 261 86 314 319 288 116 471 590 169 940 665 543 197 917 609 242 143 882 191 30 89 946 302 406 213 657 834 165 595 593 653 269 677 223 187 555 747 260 493 802 978 948 323 190 6 339 962 645 832 904 454 765 525 949 726 806 464 920 347 708 798 181 76 1 220 157 68 777 953 943 161 98 893 523 687 301 276 379 615 2 846 285 324 259 691 524 664 436 248 110 247 676 939 390 218 812 564 47 637 784 500 348 786 445 638 357 384 850 970 861 651 460 573 547 234 588 855 540 498 879 790 3 675 816 253 377 239 789 612 906 711 180 118 606 188 420 421 202 475 706 177 389 491 51 221 749 398 210 833 367 682 356 55 826 825 77 750 329 296 824 764 63 33 461 767 610 810 877 252 991 528 683 898 409 355 596 14 616 809 433 446 80 403 836 916 980 75 805 453 977 717 121 133 107 241 762 659 770 589 955 686 407 194 286 613 246 417 853 341 756 872 518 8 127 371 396 859 512 468 349 778 418 447 797 54 800 126 519 372 608 976 967 298 926 494 305 705 937 186 941 342 232 884 936 735 918 733 889 466 99 178 821 245 486 863 479 807 317 548 987 179 361 449 933 100 268 144 492 679 410 423 760 534 582 685 828 690 124 771 61 973 586 280 270 69 254 545 175 503 919 233 921 337 142 414 185 297 577 876 404 669 41 450 478 306 108 392 74 746 769 899 91 986 456 971 837 969 294 635 42 195 438 890 203 845 134 843 112 120 792 869 860 709 393 266 857 531 892 854 894 510 330 455 835 251 703 199 331 697 273 875 925 927 583 441 113 692 509 473 272 549 26 539 477 912 551 103 244 602 70 979 897 155 768 634 674 521 668 358 163 338 206 818 378 93 334 327 592 388 299 704 508 537 109 364 437 167 282 584 106 796 159 557 934 993 752 52 263 658 458 344 289 886 673 761 278 952 312 827 928 83 346 39 661 782 214 391 908 451 463 249 411 630 841 472 865 274 822 663 452 428 620 914 533 174 632 563 262 594 623 848 903 727 642 137 308 243 618 386 811 554 397 900 123 400 183 660 258 476 944 513 95 766 647 867 281 983 628 780 847 566 345 287 18 600 515 215 489 779 880 219 553 751 119 38 150 666 212 222 184 720 671 931 173 840 360 823 619 716 695 763 576 571 527 998 907 340 773 772 85 136 426 621 162 891 694 90 641 924 728 680 40 757 864 139 722 237 538 989 964 81 495 236 422 982 913 318 896 196 639 316 514 432 858 402 94 375 401 497 224 911 164 101 552 171 678 624 425 208 32 611 699 211 793 830 79 304 328 322 448 558 945 176 44 271 11 373 974 25 530 700 870 135 627 49 333 815 321 27 791 62 947 787 714 901 13 168 255 954 17 435 149 148 774 36 562 431 487 601 490 227 156 820 909 21 731 849 434 729 71 43 240 387 871 574 831 408 172 320 745 57 394 20 279 130 152 922 803 965 646 732 662 888 572 985 902 541 50 604 975 225 650 350 522 311 412 132 362 275 488 644 9 154 291 277 88 485 290 462 470 929 34 670 256 444 504 689 105 310 701 201 474 141 303 649 7 905 53 72 125 808 844 430 204 198 556 439 753 117 353 684 385 997 415 942 37 999 111 313 856 878 560 795 725 283 910 97 736 140 536 457 631 580 115 264 31 605 961 416 622 192 405 783 505 550 129 200 153 363 380 369 284 935 707 992 874 654 748 575 981 643 814 730 923 951 852 688 963 67 10 19 16 507 60 652 170 104 46 381 84 966 205 785 45 895 741 216 429 65 702 382 617 667 370 501 145 804 158 29 22 293 23 365 96 938 724 581 851 885 597 131 484 794 231 496 4 209 166 915 960 587 480 217 343 569 956 419 82 719 366 516 626 629 742 146 529 15 932 481 182 994 193 883 696 92 568 829 887 228 151 351 739 737 672 544 78 715 506 598 383 102 578 693 950 376 656 559 517 336 295 58 607 542 238 59 712 28 788 467 603 640 
Total Distance:
27392
