Cities:
0 42 16
1 85 45
2 26 17
3 57 18
4 76 22
5 3 82
6 49 30
7 10 75
8 18 62
9 42 100
10 67 77
11 93 58
12 66 40
13 4 73
14 72 38
15 65 49
16 44 18
17 5 22
18 50 100
19 74 51
20 26 33
21 6 71
22 17 57
23 50 100
24 19 55
25 14 80
26 66 83
27 40 62
28 12 70
29 26 37
30 90 87
31 19 95
32 96 20
33 85 83
34 35 98
35 67 16
36 81 93
37 1 91
38 43 19
39 72 58
40 35 84
41 26 89
42 36 2
43 46 83
44 96 1
45 37 79
46 92 64
47 75 25
48 49 88
49 11 87
50 53 21
51 78 94
52 57 93
53 83 85
54 3 84
55 60 51
56 39 87
57 24 22
58 76 65
59 46 38
60 8 27
61 14 75
62 47 5
63 71 91
64 7 18
65 59 11
66 77 4
67 49 47
68 17 43
69 90 68
70 65 9
71 15 59
72 56 68
73 84 22
74 25 59
75 91 76
76 43 6
77 78 14
78 17 79
79 88 14
80 17 38
81 14 47
82 47 20
83 37 8
84 39 77
85 53 45
86 64 29
87 62 4
88 24 2
89 47 94
90 70 13
91 23 22
92 34 6
93 81 91
94 8 24
95 88 20
96 7 66
97 35 16
98 13 21
99 45 37
100 61 37
101 73 34
102 98 57
103 81 46
104 44 18
105 35 33
106 96 34
107 11 76
108 27 16
109 12 73
110 75 80
111 82 51
112 79 34
113 18 90
114 36 18
115 9 11
116 96 19
117 77 62
118 8 22
119 50 38
120 14 21
121 21 57
122 22 91
123 61 89
124 85 30
125 17 72
126 58 78
127 47 36
128 28 84
129 55 63
130 60 78
131 48 42
132 91 34
133 15 40
134 26 57
135 82 87
136 24 19
137 65 13
138 33 5
139 66 34
140 81 80
141 20 37
142 31 70
143 15 62
144 13 61
145 41 44
146 93 4
147 97 12
148 45 46
149 98 34

Best Route:
9 43 126 130 72 129 55 15 85 67 148 131 59 127 119 100 86 139 101 112 124 73 47 4 90 66 77 79 146 44 147 32 116 95 149 106 132 1 111 103 12 14 19 39 117 11 102 46 69 58 75 140 33 53 135 63 51 36 93 30 110 10 26 123 52 48 23 18 89 56 40 61 125 8 74 134 27 142 143 71 22 81 68 133 94 80 141 20 29 2 108 97 57 91 115 64 118 17 60 98 120 136 88 138 92 42 62 76 83 114 0 38 16 104 82 50 87 70 137 35 65 3 6 99 105 145 121 24 144 96 28 7 107 21 13 5 54 37 49 25 109 78 113 31 122 41 128 45 84 34 
Total Distance:
1192
