Cities:
0 42 29
1 8 100
2 61 83
3 95 45
4 52 62
5 84 66
6 94 92
7 72 97
8 30 45
9 52 11
10 53 15
11 87 89
12 98 82
13 64 38
14 65 33
15 2 12
16 48 10
17 72 59
18 7 11
19 99 20
20 41 77
21 51 86
22 76 20
23 66 2
24 67 62
25 55 34
26 39 15
27 34 71
28 27 60
29 23 16
30 95 53
31 82 34
32 54 15
33 38 3
34 7 19
35 20 49
36 55 15
37 63 69
38 60 4
39 32 54
40 9 69
41 73 14
42 95 6
43 1 87
44 54 6
45 59 85
46 13 1
47 87 22
48 52 31
49 66 17
50 5 61
51 4 83
52 99 46
53 77 21
54 87 99
55 59 75
56 13 33
57 71 76
58 4 51
59 11 42
60 73 60
61 25 84
62 96 72
63 15 71
64 38 42
65 52 17
66 58 12
67 40 73
68 57 32
69 2 19
70 18 44
71 49 42
72 76 24
73 64 7
74 58 45
75 78 40
76 26 25
77 39 78
78 18 12
79 2 75
80 1 74
81 17 70
82 79 95
83 26 45
84 72 64
85 81 36
86 78 84
87 3 21
88 35 74
89 99 80
90 25 58
91 57 37
92 69 59
93 57 73
94 60 44
95 63 65
96 95 10
97 72 44
98 61 35
99 98 71
100 86 88
101 38 16
102 74 98
103 69 2
104 41 14
105 71 89
106 74 62
107 24 5
108 100 36
109 58 35
110 26 28
111 2 85
112 57 17
113 43 2
114 59 1
115 74 16
116 40 16
117 6 76
118 36 49
119 82 55
120 37 1
121 21 17
122 14 96
123 8 91
124 34 94
125 68 2
126 69 74
127 73 72
128 61 29
129 10 79
130 56 25
131 83 56
132 11 74
133 49 48
134 94 66
135 55 52
136 69 69
137 11 71
138 55 60
139 83 26
140 44 88
141 36 92
142 70 61
143 73 57
144 55 99
145 42 79
146 24 53
147 59 54
148 36 63
149 68 44
150 100 39
151 56 97
152 95 7
153 80 88
154 23 38
155 100 35
156 77 26
157 42 29
158 78 40
159 69 57
160 86 25
161 81 80
162 11 5
163 12 82
164 45 1
165 34 40
166 63 10
167 87 15
168 40 57
169 74 57
170 69 49
171 70 1
172 38 12
173 22 47
174 4 70
175 59 58
176 78 20
177 17 53
178 38 86
179 74 37
180 13 22
181 38 54
182 61 65
183 60 67
184 36 50
185 70 38
186 52 45
187 27 49
188 91 26
189 79 42
190 36 89
191 11 70
192 32 22
193 29 19
194 81 92
195 20 90
196 6 3
197 83 21
198 16 86
199 48 45
200 24 18
201 56 27
202 39 29
203 61 91
204 90 13
205 32 32
206 23 1
207 7 10
208 37 30
209 66 82
210 6 17
211 93 55
212 99 56
213 66 37
214 69 40
215 58 91
216 41 94
217 61 55
218 99 74
219 93 66
220 76 47
221 12 14
222 37 37
223 3 58
224 48 2
225 15 14
226 61 45
227 72 15
228 61 49
229 28 89
230 4 18
231 71 66
232 76 60
233 69 96
234 44 18
235 79 74
236 33 35
237 91 56
238 32 64
239 80 34
240 66 11
241 9 89
242 52 5
243 26 49
244 14 21
245 16 14
246 47 31
247 27 67
248 38 88
249 31 34

Best Route:
60 17 92 142 24 217 147 135 228 226 149 214 97 170 159 143 169 220 189 75 158 85 239 31 139 160 188 19 96 152 42 204 167 47 197 176 53 22 115 227 41 72 156 179 185 213 13 14 98 68 201 130 128 49 240 166 73 171 103 125 23 38 114 44 242 9 66 112 36 32 10 65 16 224 164 113 120 33 172 104 234 116 26 101 192 193 107 206 46 162 196 15 18 207 221 34 210 230 69 87 180 244 225 245 78 121 29 200 76 110 205 208 202 0 157 246 48 25 109 91 94 74 186 71 133 199 64 165 222 236 249 154 173 70 56 59 58 223 50 177 35 146 243 187 83 8 39 118 184 181 168 148 238 28 90 247 81 63 137 191 40 174 80 79 117 132 129 163 51 111 43 241 123 1 122 195 198 61 229 178 248 190 124 141 216 144 151 215 21 140 145 20 77 88 27 67 4 138 175 95 182 183 37 93 55 209 2 45 203 105 233 7 102 82 54 6 11 100 194 153 86 161 235 127 57 126 136 231 84 106 5 219 134 62 12 89 218 99 212 52 150 108 155 3 30 211 237 131 119 232 
Total Distance:
1263
