Cities:
0 18 73
1 43 21
2 14 85
3 45 86
4 81 95
5 17 17
6 26 58
7 43 85
8 21 95
9 37 32
10 37 54
11 100 17
12 92 62
13 20 98
14 22 77
15 39 6
16 33 40
17 100 92
18 52 19
19 17 26
20 45 36
21 23 28
22 34 91
23 89 23
24 1 47
25 2 36
26 79 14
27 7 36
28 61 39
29 89 2
30 91 100
31 79 59
32 69 65
33 4 95
34 1 89
35 52 95
36 73 55
37 19 60
38 27 12
39 21 98
40 26 74
41 46 73
42 8 40
43 20 17
44 12 100
45 92 8
46 71 97
47 78 8
48 9 90
49 43 21
50 21 66
51 39 3
52 33 79
53 78 19
54 8 59
55 4 74
56 48 53
57 2 61
58 88 94
59 37 93
60 39 4
61 84 7
62 95 34
63 36 39
64 92 28
65 12 90
66 58 9
67 39 14
68 36 99
69 59 50
70 41 73
71 8 67
72 80 18
73 1 69
74 38 56
75 89 49
76 22 83
77 5 85
78 53 78
79 83 78
80 44 34
81 35 32
82 83 49
83 20 42
84 23 92
85 34 84
86 7 91
87 25 68
88 89 68
89 34 97
90 23 88
91 58 9
92 27 34
93 72 99
94 99 16
95 9 47
96 32 94
97 73 55
98 38 90
99 53 1
100 99 37
101 65 22
102 17 98
103 69 31
104 13 48
105 36 96
106 29 61
107 57 90
108 12 46
109 67 2
110 100 66
111 31 56
112 80 14
113 77 36
114 77 6
115 89 24
116 56 61
117 16 77
118 79 33
119 74 46
120 48 85
121 21 6
122 20 60
123 86 7
124 10 64
125 33 80
126 29 70
127 88 2
128 97 18
129 57 48
130 98 75
131 46 7
132 99 77
133 21 96
134 87 48
135 34 42
136 6 81
137 95 37
138 69 45
139 94 45
140 4 47
141 13 69
142 81 62
143 27 91
144 71 3
145 57 10
146 78 10
147 52 30
148 17 72
149 17 6
150 16 67
151 84 92
152 95 65
153 77 100
154 21 43
155 81 24
156 24 6
157 56 13
158 41 53
159 29 77
160 16 66
161 71 49
162 15 50
163 83 40
164 57 38
165 4 18
166 43 96
167 36 16
168 20 91
169 92 45
170 70 16
171 39 78
172 85 88
173 23 12
174 80 26
175 87 33
176 84 85
177 2 95
178 89 50
179 86 26
180 14 53
181 6 12
182 31 80
183 76 13
184 93 29
185 43 7
186 50 54
187 14 47
188 13 86
189 1 40
190 34 57
191 54 91
192 79 17
193 78 8
194 56 61
195 57 5
196 64 35
197 10 94
198 51 10
199 48 92
200 63 14
201 17 92
202 31 67
203 23 54
204 10 7
205 78 89
206 69 48
207 28 91
208 59 89
209 76 60
210 18 36
211 55 93
212 21 62
213 30 70
214 52 82
215 90 7
216 4 38
217 62 15
218 24 21
219 85 45
220 35 92
221 69 61
222 62 87
223 1 70
224 40 30
225 63 23
226 62 74
227 33 78
228 36 92
229 61 92
230 87 30
231 24 39
232 8 57
233 57 41
234 52 62
235 66 2
236 76 7
237 53 49
238 100 53
239 82 43
240 8 13
241 22 28
242 85 75
243 34 17
244 53 58
245 75 49
246 100 94
247 2 59
248 72 51
249 12 35
250 95 20
251 75 44
252 38 85
253 2 31
254 20 77
255 12 98
256 38 71
257 54 89
258 45 72
259 38 74
260 82 70
261 98 2
262 92 45
263 46 55
264 79 58
265 73 88
266 2 4
267 26 69
268 24 99
269 73 99
270 51 40
271 63 28
272 21 20
273 25 1
274 90 44
275 37 23
276 60 63
277 25 2
278 38 2
279 12 96
280 58 77
281 20 18
282 42 20
283 51 34
284 34 5
285 34 85
286 85 46
287 98 38
288 86 19
289 65 11
290 99 92
291 61 49
292 12 74
293 27 87
294 85 26
295 16 52
296 93 3
297 22 25
298 92 55
299 24 2
300 5 43
301 13 46
302 94 17
303 26 74
304 30 96
305 7 32
306 51 36
307 42 77
308 86 24
309 80 69
310 46 69
311 67 59
312 30 36
313 57 87
314 89 41
315 52 94
316 49 90
317 75 39
318 32 82
319 43 32
320 61 56
321 82 67
322 63 14
323 56 64
324 68 65
325 50 78
326 77 95
327 42 65
328 9 31
329 33 46
330 40 71
331 49 36
332 5 10
333 30 31
334 22 69
335 36 72
336 5 91
337 52 80
338 70 37
339 38 99
340 11 95
341 94 37
342 29 85
343 45 66
344 15 52
345 25 37
346 94 89
347 41 50
348 21 55
349 80 37
350 22 2
351 5 47
352 43 33
353 77 41
354 45 60
355 48 34
356 26 42
357 31 45
358 60 29
359 84 17
360 58 95
361 1 67
362 25 35
363 24 1
364 1 2
365 78 83
366 27 73
367 68 23
368 59 22
369 48 83
370 71 51
371 88 48
372 56 29
373 89 39
374 28 76
375 45 70
376 63 93
377 91 77
378 17 94
379 57 56
380 89 32
381 70 41
382 70 47
383 52 95
384 78 82
385 80 81
386 90 33
387 41 9
388 2 82
389 74 17
390 93 55
391 100 14
392 31 13
393 72 24
394 9 42
395 40 63
396 47 54
397 48 97
398 15 5
399 10 88
400 1 65
401 34 52
402 100 56
403 54 38
404 6 41
405 84 97
406 62 38
407 50 18
408 87 61
409 39 4
410 27 41
411 36 48
412 7 79
413 33 67
414 71 41
415 39 81
416 73 48
417 100 77
418 6 45
419 95 40
420 12 39
421 95 4
422 74 100
423 95 17
424 33 70
425 69 77
426 22 28
427 52 54
428 45 78
429 43 2
430 60 91
431 61 66
432 46 54
433 22 34
434 36 9
435 92 2
436 22 3
437 98 65
438 21 78
439 36 7
440 68 81
441 16 81
442 83 72
443 67 40
444 66 54
445 50 16
446 74 47
447 10 49
448 10 79
449 87 22
450 14 42
451 47 72
452 9 54
453 60 46
454 11 81
455 45 78
456 21 30
457 53 66
458 35 99
459 71 25
460 58 22
461 8 53
462 14 55
463 26 75
464 97 70
465 46 29
466 37 19
467 56 97
468 22 78
469 1 51
470 2 83
471 8 91
472 61 90
473 65 95
474 89 76
475 34 88
476 76 9
477 75 99
478 88 74
479 64 34
480 21 99
481 62 49
482 81 91
483 91 86
484 72 67
485 43 7
486 49 54
487 87 79
488 71 31
489 58 44
490 29 26
491 95 18
492 46 96
493 37 59
494 94 45
495 6 29
496 95 73
497 80 13
498 46 15
499 6 80

Best Route:
332 266 392 38 387 284 149 121 140 327 325 41 339 186 396 362 420 216 241 19 434 439 145 367 112 94 391 308 302 491 262 221 233 18 212 0 71 469 73 189 249 433 301 365 191 161 248 80 103 459 283 289 53 113 356 401 458 471 207 220 480 267 106 344 273 498 224 263 382 408 274 115 225 424 336 468 374 413 171 226 242 425 172 30 384 417 402 309 313 257 211 430 457 234 156 51 350 429 312 281 364 43 333 190 343 306 21 218 1 389 460 407 91 368 444 370 32 321 442 82 371 196 55 86 399 102 223 148 197 44 33 388 463 400 462 447 104 150 87 448 2 77 34 303 268 133 143 84 412 470 57 418 24 162 210 49 16 357 9 97 260 483 130 496 179 250 47 193 200 118 66 198 299 363 5 60 381 251 174 219 238 110 390 488 119 79 472 378 48 293 454 328 277 243 230 163 271 131 352 331 449 72 146 26 275 253 456 355 465 436 486 432 416 75 282 42 108 135 111 493 329 354 366 265 153 228 59 256 213 52 14 35 46 422 477 78 69 10 240 160 117 74 395 324 323 208 326 385 405 125 342 259 318 310 122 40 475 159 315 214 492 85 105 383 467 89 199 285 7 489 128 359 114 23 494 341 215 435 195 157 192 294 170 101 353 244 116 276 455 330 461 154 490 166 397 68 120 252 107 58 205 473 229 290 132 474 88 12 437 17 176 36 194 70 440 360 246 269 126 90 441 141 247 305 204 272 92 351 180 410 83 187 499 295 56 237 446 443 320 482 346 427 316 369 280 152 20 426 319 25 6 292 340 96 65 177 188 279 255 304 415 98 361 54 124 50 22 201 348 165 231 345 307 164 109 497 183 409 167 414 479 206 264 64 100 298 379 182 129 202 300 452 450 173 495 232 158 270 453 403 155 349 380 239 178 184 311 372 338 406 347 451 337 335 81 15 67 286 419 62 169 487 93 227 438 95 404 27 147 144 61 245 134 317 322 175 139 386 288 358 31 431 375 45 296 123 287 151 377 478 421 476 185 63 297 394 411 203 37 334 76 254 136 181 235 393 217 445 99 485 127 236 314 11 209 142 138 423 261 29 28 291 258 428 376 13 39 168 8 3 481 484 4 464 137 373 222 466 278 398 
Total Distance:
10690
