Cities:
0 29 34
1 82 98
2 5 54
3 76 28
4 58 35
5 77 5
6 89 97
7 100 44
8 85 33
9 5 79
10 55 46
11 84 82
12 95 73
13 26 79
14 36 67
15 38 86
16 94 45
17 23 38
18 12 67
19 36 8
20 27 43
21 51 65
22 42 64
23 11 8
24 84 48
25 4 70
26 71 43
27 27 62
28 36 16
29 51 87
30 36 28
31 75 56
32 97 50
33 88 46
34 54 20
35 13 94
36 36 46
37 77 9
38 28 75
39 53 24
40 16 81
41 49 47
42 28 13
43 58 53
44 85 42
45 48 8
46 81 5
47 46 64
48 39 38
49 29 87
50 34 51
51 25 14
52 89 39
53 40 59
54 36 88
55 43 10
56 43 57
57 38 98
58 59 89
59 36 69
60 36 7
61 42 35
62 16 37
63 72 40
64 49 91
65 93 50
66 1 66
67 9 63
68 57 15
69 33 4
70 35 57
71 67 19
72 71 79
73 28 64
74 88 81
75 1 98
76 54 70
77 97 76
78 46 11
79 16 92
80 10 28
81 6 47
82 3 16
83 30 40
84 50 36
85 68 50
86 56 34
87 33 2
88 52 64
89 80 52
90 19 75
91 16 63
92 26 98
93 99 57
94 42 13
95 25 19
96 48 35
97 96 44
98 83 86
99 24 58
100 95 99
101 32 19
102 31 63
103 5 2
104 63 46
105 31 13
106 69 97
107 48 92
108 87 68
109 4 38
110 56 7
111 30 97
112 59 98
113 57 98
114 29 100
115 18 15
116 84 45
117 30 7
118 73 28
119 18 9
120 3 78
121 80 38
122 67 23
123 7 23
124 27 24
125 72 85
126 76 60
127 29 24
128 2 59
129 84 82
130 66 67
131 97 83
132 17 19
133 46 100
134 27 32
135 83 94
136 72 71
137 72 23
138 80 58
139 24 81
140 42 24
141 73 97
142 2 19
143 54 73
144 58 98
145 16 86
146 67 79
147 15 95
148 50 47
149 94 32
150 97 34
151 23 57
152 73 10
153 56 23
154 63 69
155 98 58
156 4 81
157 54 29
158 45 6
159 28 11
160 55 12
161 77 72
162 29 30
163 9 79
164 20 88
165 21 77
166 40 76
167 62 44
168 56 40
169 34 3
170 8 75
171 79 90
172 85 98
173 25 7
174 47 72
175 51 57
176 70 89
177 28 9
178 94 53
179 82 65
180 51 53
181 95 87
182 2 11
183 6 41
184 14 67
185 63 8
186 5 34
187 48 9
188 49 90
189 85 60
190 46 28
191 90 41
192 57 82
193 12 68
194 92 10
195 92 1
196 9 100
197 42 2
198 28 97
199 95 40
200 94 71
201 8 16
202 34 38
203 21 87
204 19 82
205 30 3
206 3 75
207 29 74
208 28 68
209 23 46
210 78 35
211 43 73
212 93 45
213 95 41
214 61 82
215 71 46
216 42 22
217 72 68
218 43 85
219 77 45
220 75 43
221 92 40
222 28 24
223 72 93
224 29 1
225 8 67
226 53 48
227 30 47
228 90 69
229 91 55
230 75 7
231 89 8
232 8 19
233 31 42
234 25 14
235 70 7
236 31 2
237 55 75
238 57 10
239 84 52
240 94 1
241 42 71
242 49 92
243 93 50
244 38 46
245 99 20
246 38 75
247 69 75
248 85 7
249 39 33
250 19 51
251 59 84
252 79 17
253 34 49
254 69 21
255 22 45
256 47 62
257 53 46
258 4 3
259 9 99
260 3 43
261 53 11
262 89 75
263 35 43
264 59 64
265 41 9
266 78 88
267 97 49
268 79 97
269 5 81
270 69 19
271 7 41
272 26 96
273 60 100
274 100 85
275 59 92
276 48 12
277 70 8
278 62 92
279 44 19
280 2 28
281 10 45
282 36 81
283 38 51
284 81 56
285 100 94
286 63 10
287 72 7
288 45 89
289 81 18
290 14 52
291 89 3
292 91 32
293 91 50
294 55 80
295 69 6
296 96 65
297 52 2
298 33 70
299 42 39
300 76 22
301 29 10
302 50 16
303 89 80
304 71 98
305 51 14
306 46 1
307 22 73
308 83 67
309 77 40
310 17 45
311 57 26
312 67 88
313 32 22
314 72 81
315 76 92
316 30 95
317 37 17
318 47 76
319 79 61
320 70 16
321 5 61
322 91 95
323 7 42
324 45 94
325 38 1
326 60 4
327 40 14
328 67 78
329 56 45
330 67 75
331 58 5
332 25 85
333 88 26
334 18 50
335 17 50
336 75 98
337 26 1
338 63 5
339 65 58
340 20 88
341 41 42
342 93 35
343 30 67
344 37 92
345 40 87
346 74 40
347 31 41
348 97 86
349 10 67
350 73 97
351 99 12
352 81 94
353 36 97
354 100 4
355 6 96
356 44 91
357 54 7
358 36 36
359 72 46
360 28 79
361 21 42
362 33 11
363 70 58
364 25 61
365 2 80
366 87 22
367 87 95
368 44 97
369 50 78
370 41 16
371 66 43
372 14 17
373 58 93
374 55 33
375 22 63
376 25 82
377 88 59
378 100 91
379 49 12
380 94 36
381 75 15
382 93 50
383 66 33
384 64 60
385 88 37
386 93 66
387 37 37
388 82 77
389 33 99
390 5 64
391 38 55
392 51 84
393 45 66
394 94 35
395 1 66
396 25 78
397 59 33
398 55 11
399 66 1

Best Route:
94 327 370 279 216 140 190 96 84 86 374 4 397 157 311 153 39 34 68 160 398 238 110 357 261 305 302 276 379 78 55 265 19 60 69 169 87 236 205 224 337 173 177 301 159 42 51 234 95 124 222 127 313 101 28 317 105 362 117 325 197 306 158 45 187 297 331 326 338 185 286 277 235 295 287 152 37 230 5 46 248 231 194 351 245 366 333 292 149 342 380 394 150 199 213 97 16 212 33 24 116 44 52 191 221 385 8 121 210 309 346 63 26 215 359 220 219 89 239 284 138 319 126 31 363 339 384 264 154 130 217 136 161 388 11 129 74 303 262 12 200 228 108 308 179 189 377 229 178 65 243 382 293 32 267 7 93 155 296 386 77 131 348 181 274 378 285 100 6 322 367 135 352 1 172 268 336 141 350 304 106 223 176 312 125 314 72 146 328 330 247 214 251 192 294 237 143 76 21 88 256 47 393 22 53 56 391 70 50 253 36 244 263 233 347 83 20 209 255 361 17 0 134 162 30 249 61 48 387 358 202 299 341 41 148 226 257 10 329 168 167 104 371 85 43 180 175 283 227 151 99 364 27 73 102 343 208 298 59 14 241 211 166 246 282 15 345 54 344 353 57 389 111 198 92 272 316 114 49 332 376 139 13 396 360 38 207 307 90 165 204 40 145 164 340 203 79 147 35 259 196 355 75 156 269 9 120 365 206 25 66 395 390 321 67 225 349 18 193 184 91 375 250 334 335 290 281 81 260 183 271 323 109 186 280 123 232 201 82 142 182 258 103 23 119 115 132 372 80 62 310 2 128 170 163 218 288 356 324 368 133 107 64 188 242 29 392 369 318 174 58 275 373 278 112 144 113 273 315 171 266 98 383 118 3 137 254 270 71 122 320 381 252 289 300 291 195 240 354 399 94 
Total Distance:
1779
