Cities:
0 42 16
1 85 45
2 26 17
3 57 18
4 76 22
5 3 82
6 49 30
7 10 75
8 18 62
9 42 100
10 67 77
11 93 58
12 66 40
13 4 73
14 72 38
15 65 49
16 44 18
17 5 22
18 50 100
19 74 51
20 26 33
21 6 71
22 17 57
23 50 100
24 19 55
25 14 80
26 66 83
27 40 62
28 12 70
29 26 37
30 90 87
31 19 95
32 96 20
33 85 83
34 35 98
35 67 16
36 81 93
37 1 91
38 43 19
39 72 58
40 35 84
41 26 89
42 36 2
43 46 83
44 96 1
45 37 79
46 92 64
47 75 25
48 49 88
49 11 87
50 53 21
51 78 94
52 57 93
53 83 85
54 3 84
55 60 51
56 39 87
57 24 22
58 76 65
59 46 38
60 8 27
61 14 75
62 47 5
63 71 91
64 7 18
65 59 11
66 77 4
67 49 47
68 17 43
69 90 68
70 65 9
71 15 59
72 56 68
73 84 22
74 25 59
75 91 76
76 43 6
77 78 14
78 17 79
79 88 14
80 17 38
81 14 47
82 47 20
83 37 8
84 39 77
85 53 45
86 64 29
87 62 4
88 24 2
89 47 94
90 70 13
91 23 22
92 34 6
93 81 91
94 8 24
95 88 20
96 7 66
97 35 16
98 13 21
99 45 37
100 61 37
101 73 34
102 98 57
103 81 46
104 44 18
105 35 33
106 96 34
107 11 76
108 27 16
109 12 73
110 75 80
111 82 51
112 79 34
113 18 90
114 36 18
115 9 11
116 96 19
117 77 62
118 8 22
119 50 38
120 14 21
121 21 57
122 22 91
123 61 89
124 85 30
125 17 72
126 58 78
127 47 36
128 28 84
129 55 63
130 60 78
131 48 42
132 91 34
133 15 40
134 26 57
135 82 87
136 24 19
137 65 13
138 33 5
139 66 34
140 81 80
141 20 37
142 31 70
143 15 62
144 13 61
145 41 44
146 93 4
147 97 12
148 45 46
149 98 34

Best Route:
15 55 85 67 148 145 131 59 99 127 119 6 50 3 65 70 137 35 90 77 4 47 73 95 79 116 32 147 146 44 66 87 62 76 83 92 138 42 88 108 2 136 57 91 120 98 118 94 60 17 64 115 97 114 0 16 104 38 82 105 20 29 141 80 133 68 81 24 22 71 143 144 8 121 74 134 142 45 84 40 56 43 48 89 18 23 9 34 41 122 113 31 49 25 78 61 107 7 109 28 125 21 13 96 5 54 37 128 27 129 72 126 130 10 26 123 52 63 51 36 93 135 53 33 140 110 58 117 39 19 111 103 1 112 101 14 12 100 139 86 124 132 106 149 102 11 46 69 75 30 15 
Total Distance:
1019
