Cities:
0 91 97
1 39 31
2 88 91
3 2 97
4 56 93
5 97 100
6 24 68
7 17 38
8 96 4
9 17 38
10 59 77
11 21 71
12 36 90
13 38 7
14 56 82
15 58 33
16 22 44
17 60 92
18 42 48
19 50 17
20 46 100
21 26 72
22 6 88
23 6 72
24 90 90
25 60 8
26 29 68
27 41 89
28 63 53
29 37 47
30 51 43
31 100 21
32 12 86
33 34 41
34 17 60
35 9 80
36 56 47
37 92 65
38 80 49
39 56 99
40 81 87
41 11 85
42 71 31
43 13 87
44 88 5
45 45 84
46 53 18
47 33 82
48 38 96
49 24 50
50 7 53
51 37 87
52 25 21
53 25 95
54 27 11
55 32 63
56 7 26
57 39 14
58 12 15
59 74 80
60 66 14
61 14 41
62 22 55
63 91 51
64 74 8
65 51 70
66 66 93
67 97 16
68 21 26
69 37 87
70 63 33
71 2 13
72 49 29
73 8 62
74 77 41
75 40 76
76 42 73
77 67 40
78 31 20
79 8 87
80 42 100
81 87 62
82 85 78
83 47 95
84 10 39
85 62 9
86 20 1
87 29 59
88 5 2
89 73 40
90 21 84
91 96 55
92 29 96
93 71 36
94 22 27
95 88 80
96 56 2
97 99 53
98 9 99
99 85 23
100 18 79
101 57 33
102 50 7
103 77 66
104 39 40
105 74 84
106 5 33
107 85 67
108 57 23
109 86 56
110 34 5
111 78 14
112 35 13
113 19 87
114 52 32
115 62 7
116 62 73
117 61 100
118 72 47
119 80 70
120 95 61
121 84 41
122 14 61
123 69 43
124 12 91
125 72 13
126 63 56
127 36 69
128 92 77
129 2 59
130 40 96
131 48 19
132 34 75
133 29 15
134 85 26
135 94 42
136 9 68
137 6 51
138 40 21
139 51 31
140 16 70
141 65 14
142 86 15
143 85 20
144 97 4
145 91 20
146 70 99
147 64 86
148 60 72
149 34 28
150 99 6
151 100 89
152 8 83
153 13 29
154 9 91
155 51 37
156 97 59
157 27 36
158 95 62
159 95 81
160 75 64
161 30 97
162 6 31
163 42 43
164 95 89
165 42 14
166 2 35
167 43 96
168 3 39
169 21 73
170 24 47
171 8 19
172 24 53
173 6 7
174 46 62
175 56 51
176 80 50
177 12 41
178 78 53
179 80 79
180 48 71
181 45 97
182 20 43
183 63 99
184 3 48
185 97 38
186 23 5
187 67 60
188 43 95
189 62 31
190 69 25
191 45 71
192 94 64
193 68 43
194 19 47
195 18 68
196 94 57
197 21 48
198 79 18
199 54 23

Best Route:
178 38 176 109 81 107 119 103 160 187 126 28 175 36 30 155 114 139 72 199 108 46 19 131 138 57 165 112 133 54 186 86 88 173 71 171 58 56 162 106 166 168 84 177 61 7 9 182 16 170 49 172 62 34 122 73 136 23 35 152 41 32 43 124 154 22 79 113 90 100 169 11 6 21 26 55 87 127 132 75 76 191 180 65 148 116 10 14 147 17 4 39 117 183 66 146 40 2 24 164 151 159 128 95 82 179 59 105 0 5 37 192 158 120 156 91 196 97 63 135 185 121 74 89 93 42 190 189 70 15 101 77 193 123 118 134 99 143 142 145 67 31 150 144 8 44 111 198 125 64 60 141 85 25 115 96 102 13 110 78 52 68 94 153 157 33 104 163 18 29 1 149 194 197 50 137 184 129 140 195 47 51 69 12 27 45 83 181 167 188 130 48 80 20 161 92 53 98 3 174 178 
Total Distance:
1294
