Cities:
0 82 13
1 69 32
2 80 2
3 34 68
4 49 97
5 57 37
6 100 24
7 5 83
8 90 36
9 47 24
10 48 56
11 71 83
12 97 62
13 27 66
14 73 82
15 35 99
16 87 40
17 29 5
18 60 41
19 32 41
20 75 74
21 38 92
22 25 54
23 82 9
24 7 20
25 15 89
26 10 30
27 89 15
28 50 44
29 60 16
30 66 96
31 86 11
32 42 86
33 59 85
34 56 63
35 75 1
36 88 50
37 70 86
38 65 71
39 79 23
40 71 77
41 3 73
42 69 17
43 92 10
44 95 97
45 26 91
46 54 5
47 68 25
48 52 50
49 86 9
50 26 56
51 1 65
52 99 8
53 48 36
54 68 66
55 52 46
56 53 83
57 45 40
58 49 62
59 72 24
60 85 87
61 49 18
62 32 41
63 43 87
64 95 5
65 86 35
66 86 39
67 55 78
68 96 88
69 73 74
70 56 39
71 93 12
72 18 21
73 27 33
74 26 36
75 62 83
76 95 22
77 89 6
78 57 10
79 10 75
80 100 82
81 4 28
82 18 3
83 47 96
84 8 18
85 27 94
86 1 93
87 94 2
88 22 84
89 54 95
90 2 58
91 1 50
92 64 73
93 52 33
94 41 23
95 39 86
96 7 45
97 2 71
98 99 88
99 24 93

Best Route:
17 82 72 84 24 81 26 96 91 90 51 97 41 79 7 86 25 88 45 85 99 15 21 95 32 63 83 4 89 33 75 11 14 37 40 69 20 38 92 54 34 58 10 48 55 28 57 53 93 5 70 18 1 47 59 39 0 23 31 49 77 43 71 27 76 6 8 65 66 16 36 12 80 98 68 44 60 30 56 67 3 13 50 22 19 62 74 73 94 9 61 29 78 46 42 35 2 87 64 52 17 
Total Distance:
829
