Cities:
0 55 8
1 74 65
2 94 75
3 31 17
4 71 95
5 67 6
6 1 42
7 61 83
8 10 31
9 87 39
10 85 6
11 73 31
12 21 50
13 62 71
14 14 26
15 11 13
16 55 22
17 72 52
18 28 7
19 75 2
20 100 56
21 60 68
22 98 18
23 78 24
24 24 90
25 51 31
26 67 17
27 76 87
28 95 23
29 75 36
30 13 66
31 74 60
32 73 66
33 4 80
34 23 42
35 1 22
36 65 38
37 100 73
38 6 82
39 58 47
40 12 49
41 57 47
42 41 40
43 62 90
44 97 13
45 64 46
46 15 49
47 30 90
48 59 17
49 41 35
50 96 92
51 64 67
52 63 86
53 45 73
54 86 28
55 26 84
56 17 90
57 96 43
58 86 80
59 90 21
60 62 27
61 41 93
62 69 63
63 25 74
64 87 13
65 59 16
66 69 8
67 99 16
68 33 68
69 51 92
70 47 23
71 46 79
72 28 64
73 50 48
74 68 42
75 8 54
76 71 64
77 35 93
78 73 54
79 4 58
80 10 46
81 73 13
82 6 42
83 67 69
84 16 70
85 85 99
86 94 23
87 48 60
88 76 47
89 30 52
90 53 92
91 26 100
92 88 30
93 21 91
94 21 75
95 80 40
96 71 19
97 32 20
98 77 73
99 9 34
100 69 39
101 91 32
102 23 24
103 23 24
104 6 41
105 12 15
106 5 94
107 81 92
108 78 46
109 83 54
110 4 11
111 51 83
112 82 56
113 11 8
114 93 41
115 93 9
116 22 40
117 75 5
118 39 43
119 34 77
120 74 23
121 21 82
122 73 3
123 17 12
124 44 99
125 34 72
126 77 18
127 33 28
128 68 63
129 51 59
130 76 80
131 56 89
132 42 36
133 48 98
134 82 47
135 67 42
136 81 95
137 5 77
138 47 50
139 56 88
140 37 1
141 48 44
142 13 59
143 2 64
144 40 59
145 46 86
146 65 12
147 8 18
148 82 76
149 94 80
150 3 66
151 60 35
152 91 78
153 69 80
154 86 50
155 5 27
156 94 88
157 43 83
158 64 50
159 79 5
160 48 15
161 80 58
162 85 67
163 17 20
164 44 83
165 4 71
166 85 72
167 88 85
168 64 48
169 13 14
170 36 16
171 85 31
172 40 77
173 95 31
174 15 46
175 53 65
176 99 37
177 86 33
178 3 49
179 59 1
180 55 3
181 77 93
182 38 11
183 37 83
184 75 47
185 34 14
186 10 39
187 78 54
188 53 43
189 79 59
190 16 94
191 12 61
192 4 69
193 34 20
194 91 69
195 22 17
196 20 76
197 56 40
198 7 11
199 70 43
200 35 86
201 62 25
202 72 16
203 5 20
204 4 31
205 38 86
206 38 83
207 29 27
208 74 23
209 89 98
210 34 72
211 71 21
212 28 60
213 52 69
214 66 72
215 14 42
216 48 29
217 38 70
218 59 87
219 51 64
220 28 69
221 39 61
222 88 38
223 72 80
224 79 95
225 68 14
226 37 5
227 87 89
228 64 33
229 64 79
230 72 13
231 81 70
232 32 9
233 57 88
234 65 9
235 92 79
236 93 78
237 9 51
238 91 51
239 19 91
240 73 95
241 30 41
242 72 63
243 82 88
244 8 54
245 62 24
246 47 46
247 43 46
248 2 14
249 69 62
250 85 83
251 89 55
252 28 43
253 16 22
254 24 92
255 85 82
256 76 80
257 3 53
258 72 33
259 60 3
260 12 53
261 81 21
262 26 8
263 60 72
264 85 76
265 39 11
266 61 81
267 67 58
268 76 42
269 55 31
270 39 95
271 57 10
272 81 14
273 73 72
274 12 31
275 48 45
276 97 86
277 74 52
278 10 75
279 80 80
280 33 91
281 73 8
282 33 83
283 45 23
284 27 37
285 99 86
286 76 94
287 12 26
288 93 34
289 76 77
290 67 41
291 87 53
292 28 14
293 77 26
294 66 44
295 81 78
296 12 73
297 68 21
298 92 45
299 92 4
300 42 90
301 99 96
302 60 76
303 57 47
304 3 36
305 73 80
306 88 35
307 45 72
308 29 95
309 86 11
310 17 1
311 34 37
312 21 74
313 51 75
314 83 10
315 27 35
316 49 96
317 61 72
318 20 53
319 96 2
320 68 57
321 20 54
322 35 41
323 48 54
324 72 43
325 90 56
326 15 89
327 70 46
328 46 52
329 6 95
330 61 32
331 40 48
332 78 14
333 28 9
334 7 71
335 39 91
336 60 62
337 13 78
338 33 96
339 20 78
340 59 27
341 72 93
342 16 26
343 32 90
344 100 99
345 10 23
346 37 7
347 58 95
348 63 55
349 93 3
350 55 2
351 37 45
352 47 86
353 73 7
354 4 69
355 5 56
356 20 92
357 29 37
358 17 20
359 23 44
360 99 88
361 56 21
362 49 69
363 37 79
364 65 54
365 94 62
366 43 81
367 3 50
368 31 22
369 2 40
370 74 75
371 63 47
372 79 14
373 94 12
374 88 49
375 11 42
376 65 16
377 3 23
378 52 99
379 92 93
380 18 75
381 6 27
382 8 27
383 48 64
384 18 1
385 1 42
386 88 99
387 74 86
388 68 33
389 100 8
390 61 97
391 79 79
392 76 40
393 47 62
394 65 63
395 12 88
396 63 53
397 40 10
398 25 73
399 19 83
400 29 65
401 8 31
402 60 44
403 50 20
404 48 16
405 54 17
406 71 88
407 35 96
408 17 88
409 13 51
410 19 90
411 21 70
412 31 42
413 83 16
414 15 12
415 96 59
416 35 79
417 72 88
418 95 60
419 43 30
420 9 57
421 90 28
422 59 68
423 58 93
424 36 27
425 60 40
426 80 95
427 19 14
428 36 53
429 54 6
430 23 39
431 83 34
432 70 37
433 28 22
434 59 88
435 82 79
436 50 56
437 97 67
438 13 26
439 53 39
440 41 4
441 1 43
442 71 53
443 14 45
444 82 51
445 56 62
446 20 43
447 96 63
448 12 3
449 78 15
450 70 51
451 43 68
452 23 52
453 79 94
454 63 100
455 78 41
456 95 88
457 94 5
458 68 88
459 4 69
460 68 56
461 32 42
462 38 48
463 43 67
464 5 76
465 62 20
466 33 47
467 46 33
468 91 4
469 21 68
470 47 72
471 24 29
472 56 9
473 52 15
474 64 23
475 94 16
476 98 38
477 61 5
478 90 39
479 64 24
480 33 86
481 4 30
482 68 86
483 20 9
484 25 88
485 88 42
486 77 46
487 77 35
488 59 71
489 9 53
490 41 91
491 73 36
492 72 78
493 5 68
494 84 67
495 94 45
496 89 86
497 10 21
498 34 10
499 55 3
500 53 68
501 46 91
502 36 13
503 66 96
504 68 58
505 19 53
506 85 94
507 58 24
508 91 48
509 31 14
510 80 36
511 25 19
512 59 59
513 84 14
514 57 35
515 45 34
516 56 71
517 56 14
518 28 62
519 96 27
520 86 14
521 55 27
522 60 44
523 79 73
524 68 39
525 18 95
526 44 18
527 48 45
528 21 52
529 90 12
530 53 36
531 36 79
532 34 35
533 8 41
534 27 90
535 91 73
536 53 15
537 87 51
538 4 39
539 87 35
540 53 15
541 71 48
542 73 82
543 16 51
544 71 64
545 56 59
546 40 30
547 95 48
548 73 64
549 79 33
550 33 92
551 4 15
552 78 60
553 51 96
554 82 94
555 46 76
556 30 10
557 82 9
558 40 17
559 38 10
560 30 87
561 67 100
562 67 41
563 18 48
564 34 66
565 90 4
566 23 18
567 87 9
568 74 32
569 28 58
570 79 9
571 72 96
572 89 37
573 95 68
574 31 77
575 54 90
576 76 85
577 71 2
578 3 4
579 52 30
580 100 54
581 9 2
582 38 50
583 26 70
584 7 95
585 39 28
586 31 96
587 24 81
588 65 37
589 23 35
590 33 9
591 100 78
592 71 38
593 24 23
594 75 90
595 43 61
596 6 7
597 38 100
598 91 83
599 97 93
600 55 40
601 24 86
602 31 51
603 29 11
604 95 88
605 91 69
606 34 17
607 90 75
608 95 15
609 35 85
610 90 34
611 92 20
612 10 23
613 57 69
614 22 3
615 86 99
616 19 66
617 48 61
618 82 96
619 41 80
620 31 43
621 98 100
622 5 77
623 71 93
624 76 37
625 95 58
626 6 78
627 48 46
628 95 7
629 65 14
630 50 31
631 88 5
632 17 31
633 99 77
634 34 47
635 65 34
636 24 43
637 49 90
638 14 61
639 9 43
640 26 17
641 19 96
642 29 74
643 60 85
644 84 94
645 42 80
646 92 67
647 48 26
648 82 94
649 53 64
650 94 8
651 70 26
652 19 56
653 8 8
654 62 40
655 19 38
656 31 3
657 33 78
658 57 49
659 15 39
660 70 19
661 46 53
662 100 84
663 20 74
664 76 67
665 11 70
666 10 94
667 59 63
668 46 34
669 50 29
670 31 35
671 99 72
672 82 89
673 54 77
674 56 28
675 42 18
676 56 97
677 65 61
678 96 10
679 51 75
680 33 35
681 36 29
682 20 96
683 22 50
684 3 41
685 70 19
686 29 49
687 89 81
688 38 47
689 57 34
690 46 67
691 72 37
692 3 26
693 31 5
694 90 91
695 39 87
696 79 53
697 53 91
698 59 11
699 85 8
700 54 41
701 75 19
702 2 21
703 76 57
704 81 44
705 60 78
706 61 13
707 43 74
708 67 99
709 77 86
710 16 3
711 73 50
712 100 2
713 8 44
714 27 94
715 82 86
716 77 86
717 11 32
718 89 79
719 19 45
720 89 60
721 58 17
722 25 83
723 66 6
724 80 4
725 49 39
726 12 70
727 52 75
728 45 26
729 63 91
730 89 86
731 44 56
732 98 99
733 92 21
734 30 39
735 85 17
736 30 12
737 80 73
738 35 18
739 23 45
740 20 28
741 32 31
742 71 2
743 4 9
744 37 3
745 90 29
746 61 84
747 38 69
748 89 74
749 22 48
750 34 77
751 93 97
752 64 74
753 74 14
754 51 22
755 95 3
756 61 73
757 29 53
758 34 6
759 7 4
760 14 93
761 49 65
762 24 42
763 76 78
764 6 43
765 51 88
766 77 19
767 55 52
768 21 60
769 57 89
770 16 20
771 36 96
772 88 47
773 57 8
774 71 57
775 67 1
776 37 37
777 48 69
778 94 39
779 5 52
780 58 26
781 10 13
782 18 51
783 41 22
784 49 78
785 8 42
786 63 63
787 23 96
788 30 55
789 35 45
790 28 19
791 71 87
792 95 36
793 40 76
794 49 80
795 56 32
796 11 64
797 84 37
798 72 93
799 15 19
800 97 32
801 9 16
802 19 70
803 99 62
804 55 91
805 47 74
806 3 51
807 97 99
808 17 79
809 12 57
810 95 55
811 51 95
812 30 67
813 5 70
814 63 78
815 11 32
816 24 22
817 80 63
818 55 92
819 55 8
820 32 86
821 4 60
822 28 24
823 32 95
824 31 68
825 9 83
826 13 74
827 72 93
828 74 27
829 61 43
830 5 93
831 46 100
832 97 75
833 17 77
834 9 96
835 80 48
836 35 45
837 85 21
838 34 74
839 90 70
840 91 70
841 21 10
842 16 30
843 86 70
844 38 48
845 36 56
846 96 77
847 34 37
848 49 92
849 66 68
850 12 7
851 18 39
852 5 85
853 64 90
854 80 60
855 72 43
856 31 96
857 61 84
858 53 37
859 64 48
860 38 43
861 25 45
862 37 2
863 94 24
864 66 36
865 50 42
866 69 10
867 33 4
868 57 12
869 89 34
870 75 15
871 46 82
872 56 63
873 64 1
874 82 37
875 79 84
876 36 17
877 21 58
878 18 88
879 21 25
880 29 79
881 33 5
882 31 74
883 45 35
884 15 1
885 1 43
886 47 88
887 53 15
888 100 84
889 28 89
890 6 50
891 99 90
892 53 48
893 53 59
894 81 56
895 55 80
896 28 96
897 5 17
898 20 54
899 6 98
900 23 7
901 31 96
902 82 22
903 46 95
904 76 90
905 63 96
906 23 34
907 59 76
908 56 77
909 30 60
910 6 16
911 71 100
912 17 17
913 31 74
914 22 41
915 34 92
916 4 65
917 27 98
918 69 14
919 45 93
920 64 91
921 93 96
922 97 84
923 85 80
924 31 63
925 90 84
926 100 57
927 45 70
928 97 100
929 7 48
930 83 69
931 92 54
932 17 14
933 70 31
934 80 5
935 70 37
936 50 2
937 23 80
938 74 47
939 54 96
940 1 30
941 13 31
942 95 92
943 77 36
944 98 27
945 78 25
946 73 65
947 48 89
948 15 50
949 11 99
950 66 22
951 24 80
952 12 70
953 76 31
954 98 80
955 9 37
956 43 38
957 41 12
958 78 33
959 19 29
960 40 94
961 72 69
962 10 86
963 38 4
964 14 45
965 95 68
966 6 81
967 86 59
968 88 32
969 83 34
970 6 22
971 74 71
972 95 94
973 31 87
974 83 3
975 64 27
976 96 15
977 38 61
978 28 52
979 60 17
980 5 87
981 47 94
982 69 54
983 97 10
984 47 12
985 89 33
986 4 100
987 72 62
988 84 37
989 4 48
990 99 17
991 26 24
992 47 52
993 76 25
994 88 8
995 34 37
996 27 80
997 22 43
998 55 72
999 19 94

Best Route:
987 242 76 544 62 128 249 267 320 460 504 774 31 548 1 32 946 664 961 273 971 98 523 737 231 930 494 162 843 166 264 148 295 435 279 391 130 256 763 289 370 492 223 305 542 153 229 814 705 302 907 908 673 727 313 679 784 794 71 555 805 53 307 470 777 362 213 500 175 649 219 761 383 393 617 87 129 893 545 445 872 667 336 512 348 364 396 158 168 859 371 45 294 135 74 290 562 524 100 432 935 592 691 491 29 624 943 487 958 549 510 874 797 988 431 969 177 171 54 92 745 421 101 610 869 306 539 222 9 478 572 985 968 288 792 778 114 57 495 298 508 238 931 251 325 291 537 154 374 772 485 704 134 835 108 486 88 184 938 541 327 199 324 855 268 392 455 95 568 11 258 933 388 635 228 330 151 514 689 795 269 579 25 630 669 216 647 70 283 728 419 546 585 424 681 127 741 532 680 311 847 995 776 49 132 956 42 118 860 351 688 462 844 331 582 428 845 144 221 977 595 731 323 661 328 992 138 73 627 246 275 527 141 865 188 700 600 197 439 858 530 725 515 467 668 883 247 789 836 634 466 602 89 757 978 686 252 241 412 461 620 322 734 357 284 315 589 906 430 116 914 34 636 359 739 861 762 997 446 719 563 46 948 543 782 505 318 321 898 528 12 683 452 749 174 443 964 215 375 639 713 764 82 104 533 785 80 40 409 260 489 75 244 237 890 779 257 806 367 178 989 929 6 385 441 885 369 684 538 304 204 481 155 381 382 8 717 815 274 941 842 632 959 740 879 102 103 593 816 511 566 195 427 932 123 414 169 105 15 781 801 147 897 910 551 248 110 743 596 653 113 850 448 581 759 578 198 203 970 377 35 702 692 940 401 99 955 186 659 851 655 471 207 822 433 368 97 193 738 606 170 876 185 502 182 265 397 559 346 226 963 744 862 140 440 758 881 867 656 693 18 262 333 556 603 736 509 3 292 640 790 991 163 358 770 799 253 14 438 287 342 345 612 497 912 841 483 900 614 384 310 710 884 232 590 498 957 558 675 526 404 160 984 473 536 540 887 405 361 16 507 780 340 60 201 245 474 479 950 297 211 96 660 685 26 376 629 146 234 723 5 66 866 225 918 230 81 753 870 202 701 126 766 261 902 837 735 413 513 520 64 309 567 994 631 565 468 299 349 457 628 650 115 373 44 976 608 475 22 990 67 983 678 389 712 319 755 10 699 314 557 570 159 724 934 974 19 122 577 742 775 873 259 179 180 499 350 429 0 819 472 271 698 868 517 48 65 721 979 465 706 773 477 936 403 754 521 674 975 651 828 293 945 23 993 120 208 953 864 588 36 654 425 829 402 522 39 41 303 658 767 892 436 690 451 463 927 707 172 793 363 531 416 119 750 657 574 880 996 587 937 951 722 55 601 484 24 254 93 356 239 410 56 326 408 878 399 121 339 196 94 312 663 380 833 808 337 278 296 826 665 726 952 30 796 191 142 638 809 420 355 79 821 143 150 916 493 192 354 459 813 165 334 464 137 622 626 33 966 38 825 962 395 760 190 525 641 682 999 787 714 308 896 917 91 586 856 901 823 338 407 771 77 915 280 343 47 889 534 560 973 820 480 200 609 183 206 205 695 300 490 61 960 270 335 550 282 619 645 366 157 164 871 145 352 886 947 637 848 69 90 697 575 804 818 131 139 233 769 434 218 643 746 857 7 266 52 43 729 853 920 458 482 791 406 417 387 27 709 716 576 875 715 243 672 107 554 648 136 426 224 453 181 286 240 571 4 341 798 827 623 594 904 618 644 506 85 615 386 209 751 921 379 694 227 167 496 730 925 598 687 718 152 235 236 149 846 832 2 535 607 748 839 194 605 840 646 573 965 437 447 365 418 415 625 810 20 926 580 547 476 176 800 173 519 944 28 86 863 611 733 59 529 272 372 332 449 281 353 117 783 670 788 569 212 518 72 400 812 824 68 564 924 909 220 583 398 63 642 882 913 838 125 210 217 747 411 469 616 802 84 768 877 652 852 980 830 106 329 584 834 666 949 899 986 597 124 831 133 316 553 811 939 676 347 423 390 905 503 708 561 454 911 378 903 981 919 501 765 111 895 998 516 613 422 21 488 263 317 13 756 752 214 83 849 51 394 677 786 982 442 17 78 277 711 450 703 161 189 552 854 817 112 894 109 444 696 187 967 720 803 671 37 633 591 954 662 888 285 276 922 360 891 50 599 942 972 301 344 621 732 807 928 156 456 604 250 255 58 923 987 
Total Distance:
2668
