Cities:
0 18 73
1 43 21
2 14 85
3 45 86
4 81 95
5 17 17
6 26 58
7 43 85
8 21 95
9 37 32
10 37 54
11 100 17
12 92 62
13 20 98
14 22 77
15 39 6
16 33 40
17 100 92
18 52 19
19 17 26
20 45 36
21 23 28
22 34 91
23 89 23
24 1 47
25 2 36
26 79 14
27 7 36
28 61 39
29 89 2
30 91 100
31 79 59
32 69 65
33 4 95
34 1 89
35 52 95
36 73 55
37 19 60
38 27 12
39 21 98
40 26 74
41 46 73
42 8 40
43 20 17
44 12 100
45 92 8
46 71 97
47 78 8
48 9 90
49 43 21
50 21 66
51 39 3
52 33 79
53 78 19
54 8 59
55 4 74
56 48 53
57 2 61
58 88 94
59 37 93
60 39 4
61 84 7
62 95 34
63 36 39
64 92 28
65 12 90
66 58 9
67 39 14
68 36 99
69 59 50
70 41 73
71 8 67
72 80 18
73 1 69
74 38 56
75 89 49
76 22 83
77 5 85
78 53 78
79 83 78
80 44 34
81 35 32
82 83 49
83 20 42
84 23 92
85 34 84
86 7 91
87 25 68
88 89 68
89 34 97
90 23 88
91 58 9
92 27 34
93 72 99
94 99 16
95 9 47
96 32 94
97 73 55
98 38 90
99 53 1
100 99 37
101 65 22
102 17 98
103 69 31
104 13 48
105 36 96
106 29 61
107 57 90
108 12 46
109 67 2
110 100 66
111 31 56
112 80 14
113 77 36
114 77 6
115 89 24
116 56 61
117 16 77
118 79 33
119 74 46
120 48 85
121 21 6
122 20 60
123 86 7
124 10 64
125 33 80
126 29 70
127 88 2
128 97 18
129 57 48
130 98 75
131 46 7
132 99 77
133 21 96
134 87 48
135 34 42
136 6 81
137 95 37
138 69 45
139 94 45
140 4 47
141 13 69
142 81 62
143 27 91
144 71 3
145 57 10
146 78 10
147 52 30
148 17 72
149 17 6
150 16 67
151 84 92
152 95 65
153 77 100
154 21 43
155 81 24
156 24 6
157 56 13
158 41 53
159 29 77
160 16 66
161 71 49
162 15 50
163 83 40
164 57 38
165 4 18
166 43 96
167 36 16
168 20 91
169 92 45
170 70 16
171 39 78
172 85 88
173 23 12
174 80 26
175 87 33
176 84 85
177 2 95
178 89 50
179 86 26
180 14 53
181 6 12
182 31 80
183 76 13
184 93 29
185 43 7
186 50 54
187 14 47
188 13 86
189 1 40
190 34 57
191 54 91
192 79 17
193 78 8
194 56 61
195 57 5
196 64 35
197 10 94
198 51 10
199 48 92
200 63 14
201 17 92
202 31 67
203 23 54
204 10 7
205 78 89
206 69 48
207 28 91
208 59 89
209 76 60
210 18 36
211 55 93
212 21 62
213 30 70
214 52 82
215 90 7
216 4 38
217 62 15
218 24 21
219 85 45
220 35 92
221 69 61
222 62 87
223 1 70
224 40 30
225 63 23
226 62 74
227 33 78
228 36 92
229 61 92
230 87 30
231 24 39
232 8 57
233 57 41
234 52 62
235 66 2
236 76 7
237 53 49
238 100 53
239 82 43
240 8 13
241 22 28
242 85 75
243 34 17
244 53 58
245 75 49
246 100 94
247 2 59
248 72 51
249 12 35
250 95 20
251 75 44
252 38 85
253 2 31
254 20 77
255 12 98
256 38 71
257 54 89
258 45 72
259 38 74
260 82 70
261 98 2
262 92 45
263 46 55
264 79 58
265 73 88
266 2 4
267 26 69
268 24 99
269 73 99
270 51 40
271 63 28
272 21 20
273 25 1
274 90 44
275 37 23
276 60 63
277 25 2
278 38 2
279 12 96
280 58 77
281 20 18
282 42 20
283 51 34
284 34 5
285 34 85
286 85 46
287 98 38
288 86 19
289 65 11
290 99 92
291 61 49
292 12 74
293 27 87
294 85 26
295 16 52
296 93 3
297 22 25
298 92 55
299 24 2
300 5 43
301 13 46
302 94 17
303 26 74
304 30 96
305 7 32
306 51 36
307 42 77
308 86 24
309 80 69
310 46 69
311 67 59
312 30 36
313 57 87
314 89 41
315 52 94
316 49 90
317 75 39
318 32 82
319 43 32
320 61 56
321 82 67
322 63 14
323 56 64
324 68 65
325 50 78
326 77 95
327 42 65
328 9 31
329 33 46
330 40 71
331 49 36
332 5 10
333 30 31
334 22 69
335 36 72
336 5 91
337 52 80
338 70 37
339 38 99
340 11 95
341 94 37
342 29 85
343 45 66
344 15 52
345 25 37
346 94 89
347 41 50
348 21 55
349 80 37
350 22 2
351 5 47
352 43 33
353 77 41
354 45 60
355 48 34
356 26 42
357 31 45
358 60 29
359 84 17
360 58 95
361 1 67
362 25 35
363 24 1
364 1 2
365 78 83
366 27 73
367 68 23
368 59 22
369 48 83
370 71 51
371 88 48
372 56 29
373 89 39
374 28 76
375 45 70
376 63 93
377 91 77
378 17 94
379 57 56
380 89 32
381 70 41
382 70 47
383 52 95
384 78 82
385 80 81
386 90 33
387 41 9
388 2 82
389 74 17
390 93 55
391 100 14
392 31 13
393 72 24
394 9 42
395 40 63
396 47 54
397 48 97
398 15 5
399 10 88
400 1 65
401 34 52
402 100 56
403 54 38
404 6 41
405 84 97
406 62 38
407 50 18
408 87 61
409 39 4
410 27 41
411 36 48
412 7 79
413 33 67
414 71 41
415 39 81
416 73 48
417 100 77
418 6 45
419 95 40
420 12 39
421 95 4
422 74 100
423 95 17
424 33 70
425 69 77
426 22 28
427 52 54
428 45 78
429 43 2
430 60 91
431 61 66
432 46 54
433 22 34
434 36 9
435 92 2
436 22 3
437 98 65
438 21 78
439 36 7
440 68 81
441 16 81
442 83 72
443 67 40
444 66 54
445 50 16
446 74 47
447 10 49
448 10 79
449 87 22
450 14 42
451 47 72
452 9 54
453 60 46
454 11 81
455 45 78
456 21 30
457 53 66
458 35 99
459 71 25
460 58 22
461 8 53
462 14 55
463 26 75
464 97 70
465 46 29
466 37 19
467 56 97
468 22 78
469 1 51
470 2 83
471 8 91
472 61 90
473 65 95
474 89 76
475 34 88
476 76 9
477 75 99
478 88 74
479 64 34
480 21 99
481 62 49
482 81 91
483 91 86
484 72 67
485 43 7
486 49 54
487 87 79
488 71 31
489 58 44
490 29 26
491 95 18
492 46 96
493 37 59
494 94 45
495 6 29
496 95 73
497 80 13
498 46 15
499 6 80

Best Route:
429 51 60 409 15 439 434 284 278 185 485 131 387 67 167 243 466 275 1 49 282 498 445 407 18 157 145 66 91 195 99 198 217 200 322 289 170 389 53 72 192 26 112 497 146 47 193 114 236 476 183 359 288 449 23 115 308 179 294 155 174 118 113 349 163 239 219 286 134 371 75 178 82 245 416 446 119 251 353 317 414 381 443 338 103 488 459 393 367 101 225 368 460 358 271 479 196 406 28 164 233 489 453 291 481 69 129 237 427 186 486 56 396 263 432 158 347 411 329 357 135 16 63 9 81 224 319 352 80 20 331 306 283 355 465 147 372 403 270 379 244 116 194 323 234 457 276 431 324 32 221 311 444 320 206 382 138 161 248 370 36 97 209 31 264 142 321 260 309 442 242 478 474 377 487 79 385 384 365 176 172 151 482 4 326 477 422 269 93 46 473 376 229 430 472 208 107 191 211 315 35 383 397 492 166 199 316 120 369 3 7 252 85 285 475 22 220 228 59 98 105 89 458 68 339 96 304 207 143 84 168 201 378 8 133 13 39 480 268 102 44 255 279 340 197 48 471 86 336 33 177 34 77 136 499 412 448 454 2 188 65 399 441 117 0 148 141 150 160 50 334 87 267 126 213 202 413 424 335 256 330 70 259 171 307 428 455 41 258 375 310 343 327 395 493 74 10 190 111 6 106 212 122 37 348 203 295 344 180 462 162 104 187 301 108 95 447 461 452 232 54 124 71 73 223 361 400 57 247 469 24 140 351 418 300 404 42 394 420 249 27 216 25 189 253 495 305 328 19 241 426 21 297 218 272 281 43 5 173 38 392 156 121 436 350 299 273 277 363 149 398 204 181 240 332 266 364 165 456 433 362 92 312 333 490 345 231 356 410 154 83 210 450 401 354 451 325 78 337 214 257 313 222 440 425 226 280 484 408 12 152 437 110 464 496 130 132 417 346 483 58 405 30 246 17 290 205 265 153 360 467 415 52 125 182 318 227 159 374 463 40 303 366 14 438 254 468 76 90 293 342 292 55 388 470 88 298 390 238 402 139 494 169 262 274 314 373 341 137 62 100 287 419 386 380 175 230 64 184 250 491 302 423 128 11 94 391 45 215 123 61 127 29 435 296 421 261 144 109 235 429 
Total Distance:
1977
