Cities:
0 73 8
1 60 74
2 36 6
3 54 99
4 95 44
5 5 64
6 14 79
7 27 79
8 51 16
9 50 32
10 74 7
11 27 90
12 34 95
13 15 13
14 41 23
15 20 60
16 82 35
17 74 22
18 61 49
19 46 17
20 63 63
21 58 95
22 51 14
23 7 20
24 77 75
25 86 81
26 37 40
27 75 74
28 31 17
29 52 54
30 73 81
31 57 47
32 90 15
33 89 68
34 41 70
35 34 62
36 52 72
37 60 33
38 100 7
39 71 36
40 83 6
41 71 82
42 23 60
43 50 53
44 60 54
45 80 68
46 74 1
47 93 55
48 95 13
49 49 11

Best Route:
16 39 37 9 14 19 8 22 49 2 28 13 23 26 43 29 44 18 31 20 1 36 34 35 42 15 5 6 7 11 12 3 21 41 30 24 27 45 33 25 47 4 32 48 38 40 10 0 46 17 16 
Total Distance:
563
